0
2
4
5
7
9
10
12
14
16
17
19
21
22
24
26
27
29
31
32
34
36
38
40
42
43
45
47
49
51
52
54
56
58
60
62
63
65
67
69
71
73
74
76
78
79
81
83
85
86
88
90
91
93
95
97
98
100
102
104
106
108
110
112
114
116
118
120
122
124
126
128
129
131
133
135
137
139
141
142
144
146
147
149
151
153
155
157
159
161
163
165
167
169
171
173
175
177
179
181
183
185
187
189
191
193
195
197
199
201
203
205
207
208
210
212
214
216
218
220
222
224
226
227
229
231
233
235
237
239
241
243
244
246
248
250
252
254
256
258
260
262
264
266
268
269
271
273
275
277
279
281
283
284
286
288
290
292
294
296
298
300
302
304
306
308
310
312
314
316
317
319
321
323
324
326
328
330
332
334
336
338
340
342
343
345
347
349
351
353
354
356
358
360
362
364
366
368
370
372
374
376
378
380
382
384
386
388
390
392
394
395
397
399
401
403
405
407
409
411
413
415
417
419
421
423
424
426
428
429
431
433
434
436
438
439
441
443
445
447
449
450
452
454
456
458
460
462
464
466
468
470
472
474
476
478
480
482
484
486
488
490
492
494
496
498
500
502
504
505
507
509
511
512
514
516
518
520
522
524
526
528
529
531
533
535
537
539
541
543
545
547
549
551
553
554
556
558
559
561
563
564
566
568
570
572
574
576
578
580
582
583
585
587
589
591
593
595
597
599
601
603
605
607
609
610
612
614
616
618
620
622
624
625
627
629
630
632
634
636
638
639
641
643
645
647
649
651
653
654
656
658
660
661
663
665
667
669
671
673
675
677
679
681
683
685
687
689
691
693
695
697
698
700
702
704
705
707
709
711
713
715
716
718
720
722
724
726
728
730
732
734
736
738
740
742
744
746
748
750
752
754
756
758
760
762
764
766
768
769
771
773
775
777
779
780
782
784
786
788
790
792
794
795
797
799
801
803
805
807
809
811
813
815
817
819
821
823
825
827
829
831
833
835
837
839
841
843
845
847
849
851
853
855
857
858
860
862
864
866
868
870
872
874
876
878
879
881
883
885
887
889
891
893
895
896
898
900
902
904
906
908
910
912
914
915
917
919
921
922
924
926
928
930
932
934
935
937
939
941
943
945
947
949
951
952
954
956
958
959
961
963
965
967
969
971
973
975
977
979
981
983
985
987
989
991
993
995
996
998
1000
1002
1004
1006
1008
1010
1012
1014
1016
1018
1020
1022
1024
1026
1028
1029
1031
1033
1035
1037
1039
1041
1042
1044
1046
1048
1049
1051
1053
1055
1057
1059
1061
1063
1065
1067
1069
1071
1073
1074
1076
1078
1080
1082
1084
1085
1087
1089
1091
1093
1095
1097
1099
1101
1103
1104
1106
1108
1110
1112
1114
1116
1118
1120
1122
1124
1126
1128
1130
1132
1134
1136
1138
1140
1142
1144
1146
1148
1149
1151
1153
1155
1156
1158
1160
1162
1164
1166
1168
1170
1172
1174
1176
1178
1180
1182
1184
1186
1188
1190
1192
1194
1196
1198
1199
1201
1203
1205
1207
1209
1211
1213
1215
1217
1219
1221
1222
1224
1226
1228
1230
1232
1234
1236
1238
1240
1242
1244
1246
1248
1250
1251
1253
1255
1257
1259
1260
1262
1264
1266
1268
1270
1272
1273
1275
1277
1279
1281
1283
1285
1286
1288
1290
1292
1294
1296
1298
1299
1301
1303
1305
1307
1309
1311
1313
1315
1317
1319
1321
1323
1325
1327
1329
1330
1332
1334
1336
1338
1340
1342
1344
1346
1348
1350
1352
1354
1355
1357
1359
1361
1363
1365
1366
1368
1370
1372
1374
1376
1378
1380
1382
1384
1386
1388
1390
1392
1394
1396
1398
1399
1401
1403
1405
1407
1409
1411
1413
1415
1417
1419
1421
1423
1424
1426
1428
1430
1432
1434
1436
1437
1439
1441
1443
1445
1447
1449
1451
1452
1454
1456
1457
1459
1461
1462
1464
1466
1468
1470
1471
1473
1475
1477
1479
1481
1483
1485
1487
1489
1491
1493
1495
1497
1499
1501
1503
1505
1507
1509
1511
1513
1515
1517
1519
1521
1523
1525
1527
1529
1531
1533
1535
1537
1539
1541
1543
1545
1547
1549
1551
1553
1555
1557
1558
1560
1562
1564
1566
1567
1569
1571
1573
1575
1577
1579
1581
1583
1585
1586
1588
1590
1592
1594
1596
1598
1600
1602
1604
1605
1607
1609
1611
1613
1615
1617
1619
1620
1622
1624
1626
1628
1630
1632
1634
1636
1638
1640
1642
1644
1646
1648
1649
1651
1653
1655
1657
1659
1661
1663
1665
1667
1669
1671
1673
1675
1677
1679
1681
1683
1685
1686
1688
1690
1692
1694
1696
1698
1699
1701
1703
1705
1707
1709
1711
1713
1715
1717
1719
1721
1723
1725
1727
1729
1731
1733
1735
1737
1739
1741
1743
1745
1747
1749
1751
1753
1755
1756
1758
1760
1762
1764
1765
1767
1769
1771
1773
1775
1777
1779
1781
1782
1784
1786
1788
1790
1792
1794
1796
1797
1799
1801
1803
1805
1807
1809
1811
1813
1815
1816
1818
1820
1822
1823
1825
1827
1828
1830
1832
1834
1836
1838
1840
1842
1844
1845
1847
1849
1851
1853
1855
1857
1859
1861
1863
1865
1866
1868
1870
1872
1874
1876
1878
1880
1882
1884
1885
1887
1889
1891
1893
1895
1897
1899
1901
1903
1905
1907
1909
1911
1913
1914
1916
1918
1920
1922
1924
1926
1928
1930
1932
1934
1936
1938
1940
1942
1944
1946
1948
1950
1952
1954
1956
1958
1960
1962
1964
1966
1968
1970
1972
1973
1975
1977
1979
1981
1983
1985
1987
1989
1990
1992
1994
1996
1998
2000
2002
2004
2006
2007
2009
2011
2013
2015
2017
2019
2021
2023
2025
2027
2029
2030
2032
2034
2036
2038
2040
2042
2043
2045
2047
2048
2050
2052
2054
2056
2058
2060
2062
2064
2065
2067
2069
2071
2073
2075
2076
2078
2080
2082
2084
2086
2088
2089
2091
2093
2095
2097
2099
2100
2102
2104
2106
2107
2109
2111
2113
2115
2117
2119
2121
2123
2125
2127
2128
2130
2132
2134
2136
2137
2139
2141
2143
2145
2147
2149
2151
2152
2154
2156
2158
2160
2162
2163
2165
2167
2169
2171
2173
2175
2177
2179
2181
2183
2185
2187
2188
2190
2192
2194
2196
2198
2200
2202
2204
2206
2208
2210
2212
2214
2216
2217
2219
2221
2223
2225
2227
2229
2231
2233
2235
2236
2238
2240
2242
2244
2246
2248
2250
2251
2253
2255
2257
2259
2261
2263
2265
2267
2268
2270
2272
2274
2276
2277
2279
2281
2283
2285
2287
2289
2291
2293
2295
2297
2299
2301
2303
2305
2307
2308
2310
2312
2314
2316
2318
2320
2322
2324
2326
2328
2330
2332
2334
2336
2338
2340
2342
2344
2346
2348
2350
2352
2354
2356
2358
2359
2361
2363
2365
2367
2369
2371
2373
2375
2377
2379
2381
2383
2385
2387
2389
2391
2393
2395
2397
2399
2400
2402
2404
2406
2408
2410
2412
2414
2416
2418
2420
2422
2424
2426
2427
2429
2431
2433
2435
2437
2439
2441
2443
2445
2447
2449
2451
2453
2455
2457
2459
2461
2463
2464
2466
2468
2470
2472
2474
2476
2478
2480
2482
2483
2485
2487
2489
2490
2492
2494
2496
2498
2500
2502
2503
2505
2507
2509
2511
2513
2515
2517
2519
2521
2523
2525
2527
2528
2530
2532
2534
2536
2537
2539
2541
2543
2545
2546
2548
2550
2552
2554
2555
2557
2559
2561
2563
2564
2566
2568
2570
2572
2574
2576
2578
2580
2582
2583
2585
2587
2588
2590
2592
2594
2596
2598
2600
2602
2604
2606
2608
2610
2612
2614
2616
2618
2620
2622
2624
2625
2627
2629
2631
2633
2635
2637
2639
2641
2643
2645
2647
2649
2651
2653
2655
2657
2658
2660
2662
2664
2666
2668
2670
2672
2674
2676
2677
2679
2681
2683
2685
2687
2689
2690
2692
2694
2695
2697
2699
2701
2703
2705
2707
2709
2711
2713
2715
2717
2718
2720
2722
2724
2726
2728
2730
2732
2734
2736
2738
2740
2742
2744
2746
2748
2750
2752
2754
2756
2758
2760
2762
2763
2765
2767
2769
2771
2773
2775
2777
2779
2781
2783
2785
2787
2789
2791
2793
2795
2797
2798
2800
2802
2804
2806
2808
2810
2812
2814
2815
2817
2819
2821
2823
2825
2827
2829
2831
2832
2834
2836
2838
2839
2841
2843
2844
2846
2848
2850
2852
2854
2856
2858
2860
2862
2864
2866
2867
2869
2871
2873
2875
2877
2878
2880
2882
2884
2886
2888
2890
2892
2894
2895
2897
2899
2901
2903
2905
2907
2908
2910
2912
2914
2916
2918
2920
2922
2924
2926
2928
2930
2932
2934
2936
2938
2940
2941
2943
2945
2947
2949
2951
2953
2955
2957
2959
2961
2963
2965
2967
2969
2971
2972
2974
2976
2978
2980
2982
2984
2986
2988
2989
2991
2993
2994
2996
2998
3000
3002
3004
3006
3008
3010
3012
3014
3016
3018
3020
3022
3023
3025
3027
3028
3030
3032
3034
3036
3037
3039
3041
3043
3045
3047
3049
3051
3053
3055
3057
3058
3060
3062
3064
3066
3068
3070
3071
3073
3075
3076
3078
3080
3081
3083
3085
3087
3089
3090
3092
3094
3096
3097
3099
3101
3103
3105
3107
3109
3111
3113
3115
3117
3119
3121
3123
3125
3126
3128
3130
3132
3134
3136
3138
3140
3142
3143
3145
3147
3148
3150
3152
3154
3156
3158
3160
3162
3164
3166
3168
3170
3171
3173
3175
3176
3178
3180
3182
3184
3185
3187
3189
3191
3192
3194
3196
3198
3199
3201
3203
3205
3207
3209
3211
3213
3214
3216
3218
3220
3222
3224
3225
3227
3229
3231
3233
3235
3237
3239
3241
3243
3245
3247
3249
3251
3253
3255
3257
3258
3260
3262
3264
3265
3267
3269
3271
3273
3275
3277
3279
3281
3282
3284
3286
3288
3290
3292
3294
3296
3298
3300
3302
3304
3306
3308
3310
3311
3313
3315
3317
3319
3320
3322
3324
3326
3328
3330
3332
3334
3336
3338
3340
3342
3344
3346
3347
3349
3351
3353
3355
3357
3359
3361
3363
3365
3367
3369
3370
3372
3374
3376
3378
3380
3382
3384
3386
3388
3390
3392
3394
3396
3398
3400
3402
3404
3405
3407
3409
3411
3413
3415
3417
3419
3421
3423
3425
3427
3429
3431
3432
3434
3436
3437
3439
3441
3442
3444
3446
3448
3450
3452
3454
3456
3458
3460
3462
3464
3466
3468
3470
3472
3474
3475
3477
3479
3481
3483
3485
3486
3488
3490
3492
3493
3495
3497
3499
3501
3503
3505
3507
3509
3511
3513
3515
3517
3518
3520
3522
3523
3525
3527
3529
3531
3533
3534
3536
3538
3540
3542
3544
3546
3548
3550
3552
3554
3556
3558
3560
3562
3564
3566
3568
3570
3572
3574
3576
3578
3580
3582
3584
3586
3588
3590
3592
3594
3596
3598
3600
3602
3604
3606
3608
3610
3612
3614
3616
3618
3620
3622
3624
3626
3628
3630
3632
3634
3636
3638
3640
3641
3643
3645
3646
3648
3650
3652
3654
3656
3658
3660
3662
3664
3666
3668
3670
3672
3674
3676
3678
3680
3682
3683
3685
3687
3689
3691
3693
3694
3696
3698
3699
3701
3703
3705
3707
3709
3711
3713
3715
3717
3719
3721
3723
3724
3726
3728
3730
3732
3734
3736
3738
3740
3742
3744
3746
3748
3750
3752
3753
3755
3757
3759
3761
3763
3765
3767
3769
3771
3773
3775
3777
3779
3780
3782
3784
3786
3788
3790
3792
3793
3795
3797
3799
3801
3803
3805
3807
3808
3810
3812
3814
3816
3818
3820
3821
3823
3825
3827
3828
3830
3832
3834
3836
3838
3840
3842
3844
3846
3848
3850
3852
3854
3856
3858
3860
3861
3863
3865
3867
3869
3870
3872
3874
3876
3878
3880
3882
3883
3885
3887
3889
3891
3893
3895
3896
3898
3900
3902
3904
3905
3907
3909
3911
3912
3914
3916
3918
3919
3921
3923
3924
3926
3928
3930
3932
3934
3936
3938
3940
3942
3943
3945
3947
3948
3950
3952
3954
3956
3958
3960
3962
3964
3966
3968
3970
3972
3974
3976
3978
3979
3981
3983
3985
3987
3989
3991
3993
3995
3997
3999
4001
4003
4005
4007
4009
4011
4013
4015
4017
4019
4021
4023
4025
4026
4028
4030
4032
4034
4036
4038
4040
4042
4044
4046
4048
4050
4052
4054
4056
4057
4059
4061
4063
4065
4067
4069
4071
4073
4075
4077
4079
4081
4083
4085
4087
4089
4091
4093
4095
4097
4099
4101
4103
4105
4107
4109
4111
4113
4114
4116
4118
4120
4122
4124
4126
4128
4130
4131
4133
4135
4136
4138
4140
4142
4144
4146
4148
4150
4152
4154
4156
4158
4160
4162
4164
4166
4168
4170
4172
4174
4176
4178
4179
4181
4183
4185
4187
4189
4191
4193
4195
4197
4199
4201
4203
4205
4207
4209
4211
4213
4215
4217
4219
4221
4223
4225
4226
4228
4230
4232
4233
4235
4237
4239
4241
4243
4244
4246
4248
4250
4251
4253
4255
4257
4259
4261
4263
4265
4267
4269
4271
4273
4275
4277
4279
4281
4283
4285
4287
4289
4291
4292
4294
4296
4298
4300
4301
4303
4305
4307
4309
4311
4313
4315
4317
4319
4321
4323
4324
4326
4328
4329
4331
4333
4335
4337
4339
4341
4343
4344
4346
4348
4350
4352
4354
4356
4358
4360
4362
4364
4366
4367
4369
4371
4373
4375
4377
4379
4381
4383
4385
4386
4388
4390
4392
4394
4396
4398
4400
4401
4403
4405
4407
4408
4410
4412
4413
4415
4417
4419
4421
4423
4425
4427
4429
4430
4432
4434
4436
4438
4440
4442
4444
4446
4448
4450
4452
4454
4456
4457
4459
4461
4463
4464
4466
4468
4469
4471
4473
4475
4477
4479
4481
4483
4485
4487
4489
4491
4493
4495
4497
4499
4501
4502
4504
4506
4508
4510
4512
4514
4516
4518
4520
4521
4523
4525
4527
4529
4530
4532
4534
4536
4538
4540
4542
4543
4545
4547
4549
4551
4553
4554
4556
4558
4560
4562
4564
4566
4568
4570
4572
4574
4576
4578
4580
4582
4584
4585
4587
4589
4591
4593
4595
4597
4599
4601
4602
4604
4606
4608
4609
4611
4613
4614
4616
4618
4620
4621
4623
4625
4627
4629
4631
4633
4635
4637
4639
4641
4642
4644
4646
4648
4650
4652
4653
4655
4657
4658
4660
4662
4664
4665
4667
4669
4671
4673
4675
4677
4678
4680
4682
4684
4685
4687
4689
4691
4693
4695
4696
4698
4700
4702
4704
4706
4708
4710
4711
4713
4715
4717
4719
4721
4722
4724
4726
4728
4730
4732
4734
4736
4738
4739
4741
4743
4745
4747
4749
4751
4753
4755
4757
4759
4761
4763
4765
4767
4769
4771
4773
4775
4777
4778
4780
4782
4784
4786
4788
4790
4792
4794
4795
4797
4799
4801
4803
4805
4807
4809
4811
4813
4815
4817
4819
4821
4822
4824
4826
4828
4829
4831
4833
4835
4837
4839
4841
4843
4845
4847
4849
4851
4853
4855
4857
4859
4860
4862
4864
4866
4868
4870
4872
4874
4875
4877
4879
4881
4882
4884
4886
4888
4890
4892
4894
4896
4897
4899
4901
4903
4905
4907
4909
4911
4913
4915
4917
4918
4920
4922
4924
4926
4928
4930
4932
4934
4936
4938
4940
4942
4944
4946
4948
4950
4952
4954
4956
4958
4960
4962
4963
4965
4967
4969
4971
4973
4975
4977
4979
4981
4983
4985
4987
4989
4991
4993
4995
4997
4998
5000
5002
5003
5005
5007
5008
5010
5012
5014
5015
5017
5019
5021
5023
5025
5027
5029
5031
5033
5034
5036
5038
5040
5042
5044
5046
5047
5049
5051
5052
5054
5056
5057
5059
5061
5063
5065
5067
5069
5071
5073
5075
5077
5078
5080
5082
5084
5086
5088
5090
5091
5093
5095
5097
5099
5101
5103
5105
5107
5109
5111
5113
5115
5117
5119
5121
5123
5125
5127
5129
5131
5133
5135
5136
5138
5140
5142
5143
5145
5147
5149
5151
5153
5155
5157
5159
5160
5162
5164
5166
5168
5170
5172
5174
5176
5178
5180
5182
5183
5185
5187
5188
5190
5192
5194
5196
5198
5200
5202
5204
5206
5208
5210
5212
5214
5216
5218
5220
5222
5224
5225
5227
5229
5231
5232
5234
5236
5238
5240
5242
5244
5246
5247
5249
5251
5253
5255
5257
5259
5261
5262
5264
5266
5268
5270
5272
5274
5275
5277
5279
5280
5282
5284
5285
5287
5289
5291
5293
5295
5297
5299
5301
5302
5304
5306
5308
5310
5312
5314
5316
5317
5319
5321
5323
5325
5326
5328
5330
5332
5333
5335
5337
5339
5341
5343
5345
5347
5348
5350
5352
5354
5355
5357
5359
5361
5362
5364
5366
5368
5370
5372
5374
5376
5378
5380
5382
5384
5386
5388
5390
5392
5394
5396
5398
5400
5402
5404
5406
5408
5409
5411
5413
5415
5417
5418
5420
5422
5424
5426
5427
5429
5431
5433
5435
5437
5439
5441
5443
5445
5447
5449
5451
5453
5455
5457
5459
5461
5463
5464
5466
5468
5470
5472
5474
5475
5477
5479
5480
5482
5484
5486
5488
5490
5492
5494
5496
5497
5499
5501
5503
5505
5507
5509
5511
5512
5514
5516
5518
5520
5522
5524
5526
5528
5530
5532
5534
5536
5538
5540
5542
5544
5546
5548
5550
5552
5554
5556
5558
5560
5562
5564
5566
5568
5570
5572
5574
5576
5578
5580
5582
5584
5586
5588
5589
5591
5593
5595
5597
5599
5601
5603
5605
5607
5609
5611
5613
5614
5616
5618
5620
5622
5624
5626
5628
5630
5632
5633
5635
5637
5639
5641
5643
5645
5647
5649
5651
5653
5655
5656
5658
5660
5662
5664
5666
5668
5670
5672
5674
5676
5678
5680
5682
5684
5686
5688
5690
5692
5694
5696
5698
5699
5701
5703
5705
5707
5709
5711
5713
5715
5717
5718
5720
5722
5724
5726
5728
5729
5731
5733
5735
5736
5738
5740
5742
5744
5746
5748
5750
5752
5754
5756
5757
5759
5761
5763
5765
5767
5769
5771
5772
5774
5776
5778
5780
5782
5783
5785
5787
5788
5790
5792
5793
5795
5797
5799
5801
5803
5805
5807
5809
5810
5812
5814
5815
5817
5819
5821
5822
5824
5826
5828
5830
5832
5834
5836
5837
5839
5841
5843
5844
5846
5848
5850
5852
5854
5856
5858
5860
5861
5863
5865
5867
5868
5870
5872
5874
5876
5878
5880
5882
5883
5885
5887
5889
5891
5892
5894
5896
5898
5900
5902
5904
5906
5908
5910
5912
5914
5916
5917
5919
5921
5923
5925
5927
5929
5931
5933
5935
5936
5938
5940
5942
5944
5946
5948
5950
5952
5954
5956
5958
5960
5962
5964
5966
5968
5970
5972
5974
5976
5978
5980
5982
5983
5985
5987
5988
5990
5992
5994
5996
5998
6000
6002
6004
6006
6008
6010
6012
6014
6016
6018
6020
6022
6024
6026
6028
6030
6031
6033
6035
6037
6039
6041
6043
6045
6047
6049
6051
6053
6055
6057
6059
6061
6063
6065
6067
6068
6070
6072
6074
6076
6078
6080
6082
6084
6086
6088
6090
6092
6093
6095
6097
6099
6101
6103
6105
6107
6108
6110
6112
6113
6115
6117
6119
6121
6123
6125
6127
6129
6131
6133
6135
6137
6139
6141
6143
6145
6147
6149
6151
6152
6154
6156
6158
6160
6162
6164
6165
6167
6169
6171
6172
6174
6176
6178
6180
6182
6184
6185
6187
6189
6191
6193
6195
6197
6199
6201
6203
6205
6207
6208
6210
6212
6213
6215
6217
6219
6221
6223
6225
6227
6229
6231
6233
6235
6236
6238
6240
6242
6244
6246
6248
6249
6251
6253
6255
6257
6259
6261
6263
6265
6267
6269
6271
6272
6274
6276
6278
6279
6281
6283
6285
6287
6289
6291
6293
6295
6297
6298
6300
6302
6304
6306
6308
6310
6312
6314
6316
6317
6319
6321
6323
6325
6327
6329
6331
6333
6335
6337
6339
6341
6343
6344
6346
6348
6350
6351
6353
6355
6357
6359
6361
6363
6365
6367
6369
6371
6373
6375
6377
6379
6381
6383
6385
6386
6388
6390
6392
6393
6395
6397
6399
6401
6403
6404
6406
6408
6410
6412
6414
6416
6418
6420
6422
6424
6425
6427
6429
6431
6432
6434
6436
6438
6440
6442
6444
6445
6447
6449
6451
6453
6455
6457
6459
6461
6463
6465
6467
6468
6470
6472
6474
6476
6478
6480
6482
6484
6486
6487
6489
6491
6493
6495
6497
6499
6501
6503
6505
6506
6508
6510
6512
6514
6516
6518
6520
6522
6524
6526
6527
6529
6531
6533
6535
6537
6539
6541
6543
6545
6547
6548
6550
6552
6554
6556
6558
6560
6562
6564
6566
6568
6570
6572
6574
6576
6578
6580
6582
6583
6585
6587
6589
6591
6593
6594
6596
6598
6600
6602
6604
6605
6607
6609
6611
6613
6615
6617
6619
6621
6623
6625
6627
6629
6631
6633
6635
6637
6639
6641
6643
6645
6646
6648
6650
6652
6654
6656
6658
6660
6662
6664
6666
6668
6670
6672
6673
6675
6677
6679
6681
6683
6685
6687
6689
6691
6693
6695
6697
6699
6701
6703
6705
6707
6709
6711
6713
6715
6717
6718
6720
6722
6724
6726
6728
6730
6732
6734
6736
6738
6740
6742
6744
6746
6747
6749
6751
6752
6754
6756
6757
6759
6761
6763
6765
6767
6769
6770
6772
6774
6776
6778
6780
6782
6784
6786
6788
6790
6792
6794
6796
6798
6800
6802
6804
6806
6808
6810
6811
6813
6815
6817
6819
6821
6823
6825
6827
6829
6830
6832
6834
6836
6838
6839
6841
6843
6845
6847
6849
6851
6853
6854
6856
6858
6860
6862
6864
6865
6867
6869
6870
6872
6874
6876
6878
6880
6882
6883
6885
6887
6889
6891
6893
6895
6897
6899
6901
6903
6905
6907
6909
6911
6913
6915
6917
6919
6921
6923
6925
6927
6929
6931
6933
6935
6937
6939
6940
6942
6944
6946
6948
6950
6952
6954
6956
6958
6960
6962
6964
6966
6968
6970
6972
6973
6975
6977
6979
6981
6983
6985
6987
6989
6991
6993
6995
6997
6999
7001
7003
7005
7007
7009
7011
7013
7015
7016
7018
7020
7022
7024
7026
7028
7030
7032
7034
7036
7038
7040
7042
7044
7046
7047
7049
7051
7053
7055
7057
7059
7061
7063
7065
7067
7069
7071
7073
7075
7077
7079
7081
7082
7084
7086
7088
7090
7092
7094
7095
7097
7099
7100
7102
7104
7106
7108
7110
7112
7114
7116
7118
7120
7121
7123
7125
7127
7129
7131
7133
7135
7136
7138
7140
7141
7143
7145
7147
7149
7151
7153
7155
7156
7158
7160
7162
7164
7166
7168
7169
7171
7173
7175
7176
7178
7180
7182
7184
7185
7187
7189
7191
7193
7195
7197
7199
7201
7203
7205
7207
7209
7211
7213
7215
7217
7219
7220
7222
7224
7225
7227
7229
7231
7232
7234
7236
7237
7239
7241
7243
7245
7246
7248
7250
7252
7254
7256
7258
7260
7262
7264
7266
7268
7270
7271
7273
7275
7277
7279
7280
7282
7284
7286
7288
7290
7292
7294
7296
7298
7299
7301
7303
7305
7307
7309
7311
7313
7315
7317
7319
7321
7323
7325
7327
7328
7330
7332
7334
7336
7338
7340
7342
7344
7346
7348
7350
7351
7353
7355
7357
7358
7360
7362
7364
7366
7368
7369
7371
7373
7375
7377
7379
7381
7382
7384
7386
7388
7390
7392
7394
7396
7398
7400
7402
7404
7406
7408
7410
7411
7413
7415
7417
7419
7421
7423
7425
7427
7428
7430
7432
7434
7436
7438
7440
7442
7444
7446
7448
7450
7452
7453
7455
7457
7458
7460
7462
7464
7466
7468
7470
7472
7474
7476
7478
7480
7482
7484
7486
7488
7490
7492
7494
7495
7497
7499
7501
7503
7505
7507
7508
7510
7512
7514
7516
7517
7519
7521
7522
7524
7526
7527
7529
7531
7533
7535
7537
7539
7541
7543
7545
7546
7548
7550
7552
7553
7555
7557
7559
7561
7563
7565
7567
7569
7571
7573
7575
7577
7579
7581
7582
7584
7586
7588
7590
7592
7594
7596
7598
7600
7602
7603
7605
7607
7609
7610
7612
7614
7615
7617
7619
7621
7623
7625
7627
7629
7631
7633
7635
7637
7639
7641
7642
7644
7646
7647
7649
7651
7653
7655
7657
7659
7661
7663
7665
7667
7669
7671
7673
7675
7677
7679
7681
7682
7684
7686
7688
7690
7692
7694
7696
7698
7700
7702
7704
7705
7707
7709
7711
7713
7715
7717
7719
7721
7723
7725
7727
7728
7730
7732
7734
7736
7738
7740
7742
7744
7746
7748
7750
7752
7754
7756
7758
7760
7762
7763
7765
7767
7769
7771
7773
7775
7777
7779
7781
7783
7785
7787
7789
7791
7793
7795
7797
7799
7800
7802
7804
7806
7808
7810
7812
7814
7816
7818
7820
7822
7824
7826
7828
7830
7832
7834
7836
7838
7840
7842
7844
7846
7848
7850
7852
7854
7856
7858
7860
7862
7864
7866
7868
7870
7872
7873
7875
7877
7879
7881
7883
7885
7887
7889
7890
7892
7894
7896
7898
7900
7902
7904
7906
7908
7910
7912
7913
7915
7917
7919
7921
7922
7924
7926
7928
7930
7932
7934
7936
7937
7939
7941
7943
7945
7947
7949
7951
7953
7955
7957
7959
7961
7963
7964
7966
7968
7970
7972
7974
7976
7978
7980
7982
7984
7986
7988
7990
7992
7994
7996
7998
8000
8002
8003
8005
8007
8008
8010
8012
8014
8016
8018
8020
8022
8024
8026
8028
8030
8032
8034
8036
8038
8040
8042
8044
8046
8048
8049
8051
8053
8055
8057
8059
8061
8062
8064
8066
8068
8070
8072
8074
8076
8078
8080
8082
8084
8086
8088
8090
8092
8094
8095
8097
8099
8101
8103
8105
8106
8108
8110
8112
8114
8116
8118
8120
8121
8123
8125
8127
8129
8131
8133
8135
8137
8139
8141
8143
8145
8147
8149
8151
8153
8155
8157
8159
8161
8163
8165
8167
8169
8171
8173
8175
8177
8179
8181
8183
8185
8186
8188
8190
8192
8194
8196
8198
8200
8202
8204
8206
8208
8210
8212
8214
8216
8218
8220
8222
8224
8226
8228
8229
8231
8233
8235
8237
8239
8241
8243
8245
8247
8249
8251
8253
8254
8256
8258
8260
8262
8263
8265
8267
8269
8271
8273
8275
8277
8279
8281
8282
8284
8286
8288
8289
8291
8293
8295
8297
8299
8301
8303
8305
8307
8309
8311
8313
8315
8316
8318
8320
8322
8324
8326
8328
8329
8331
8333
8335
8337
8338
8340
8342
8344
8346
8348
8350
8352
8354
8356
8358
8360
8361
8363
8365
8367
8369
8371
8373
8375
8377
8379
8381
8383
8385
8387
8389
8391
8393
8395
8397
8399
8401
8403
8405
8407
8409
8411
8412
8414
8416
8418
8420
8421
8423
8425
8427
8429
8431
8433
8435
8437
8439
8441
8443
8445
8447
8449
8451
8453
8455
8457
8459
8460
8462
8464
8466
8468
8470
8472
8474
8476
8478
8480
8482
8484
8486
8488
8490
8492
8494
8496
8498
8500
8502
8504
8505
8507
8509
8511
8512
8514
8516
8518
8520
8522
8524
8526
8528
8529
8531
8533
8535
8537
8539
8541
8543
8545
8547
8549
8551
8553
8555
8557
8559
8561
8562
8564
8566
8568
8570
8572
8573
8575
8577
8579
8581
8583
8585
8587
8589
8591
8593
8595
8596
8598
8600
8602
8604
8606
8608
8610
8612
8614
8616
8618
8620
8622
8624
8626
8628
8630
8632
8634
8635
8637
8639
8641
8643
8645
8647
8649
8651
8653
8654
8656
8658
8660
8662
8664
8666
8668
8670
8672
8673
8675
8677
8678
8680
8682
8684
8686
8688
8690
8692
8694
8696
8698
8700
8702
8704
8706
8708
8710
8712
8713
8715
8717
8719
8721
8723
8725
8727
8729
8731
8733
8735
8736
8738
8740
8742
8744
8746
8748
8750
8752
8754
8756
8758
8760
8762
8764
8766
8767
8769
8771
8773
8775
8777
8779
8781
8783
8784
8786
8788
8790
8792
8794
8796
8797
8799
8801
8803
8805
8807
8809
8811
8813
8815
8817
8819
8821
8823
8825
8827
8829
8831
8832
8834
8836
8838
8840
8842
8844
8846
8848
8849
8851
8853
8854
8856
8858
8860
8861
8863
8865
8866
8868
8870
8871
8873
8875
8876
8878
8880
8882
8883
8885
8887
8888
8890
8892
8893
8895
8897
8899
8901
8903
8905
8906
8908
8910
8912
8914
8916
8918
8920
8922
8924
8926
8928
8930
8932
8934
8936
8938
8940
8942
8944
8946
8948
8950
8951
8953
8955
8957
8959
8961
8963
8964
8966
8968
8969
8971
8973
8975
8977
8978
8980
8982
8984
8986
8988
8990
8992
8994
8996
8998
9000
9002
9004
9005
9007
9009
9011
9013
9015
9017
9019
9020
9022
9024
9026
9028
9029
9031
9033
9035
9036
9038
9040
9042
9044
9046
9048
9050
9052
9054
9056
9058
9059
9061
9063
9065
9067
9069
9071
9073
9075
9077
9079
9081
9083
9085
9087
9089
9091
9093
9095
9097
9098
9100
9102
9104
9106
9108
9110
9112
9114
9116
9118
9120
9122
9124
9126
9128
9130
9132
9134
9136
9138
9140
9142
9144
9146
9148
9150
9152
9154
9156
9158
9160
9162
9164
9166
9168
9170
9171
9173
9175
9176
9178
9180
9181
9183
9185
9187
9189
9191
9193
9195
9197
9199
9200
9202
9204
9206
9208
9210
9212
9214
9216
9218
9219
9221
9223
9225
9227
9229
9231
9233
9235
9237
9239
9241
9243
9245
9247
9249
9251
9252
9254
9256
9258
9260
9262
9264
9266
9268
9270
9272
9274
9276
9278
9280
9282
9284
9286
9287
9289
9291
9293
9295
9297
9299
9301
9303
9305
9307
9309
9311
9313
9315
9317
9319
9321
9323
9325
9327
9329
9331
9332
9334
9336
9338
9340
9342
9344
9346
9348
9350
9352
9353
9355
9357
9359
9361
9363
9365
9366
9368
9370
9372
9374
9376
9378
9380
9382
9384
9386
9388
9390
9391
9393
9395
9397
9399
9401
9403
9405
9407
9409
9410
9412
9414
9415
9417
9419
9421
9423
9425
9427
9429
9431
9433
9435
9437
9439
9441
9443
9445
9447
9449
9451
9452
9454
9456
9458
9460
9462
9464
9466
9468
9470
9472
9474
9476
9478
9480
9481
9483
9485
9487
9489
9491
9492
9494
9496
9498
9500
9501
9503
9505
9507
9509
9511
9513
9515
9517
9519
9521
9523
9524
9526
9528
9530
9531
9533
9535
9537
9539
9541
9542
9544
9546
9548
9550
9552
9553
9555
9557
9558
9560
9562
9564
9566
9568
9569
9571
9573
9575
9577
9579
9581
9583
9585
9587
9589
9591
9593
9595
9597
9599
9601
9603
9605
9607
9609
9610
9612
9614
9616
9617
9619
9621
9623
9625
9626
9628
9630
9632
9633
9635
9637
9639
9641
9643
9645
9647
9649
9651
9653
9655
9657
9658
9660
9662
9664
9666
9667
9669
9671
9673
9675
9677
9679
9681
9683
9685
9687
9689
9691
9693
9695
9697
9699
9700
9702
9704
9705
9707
9709
9710
9712
9714
9716
9718
9720
9722
9724
9726
9727
9729
9731
9733
9735
9737
9739
9741
9743
9745
9747
9749
9751
9753
9755
9757
9758
9760
9762
9764
9766
9768
9770
9772
9774
9775
9777
9779
9781
9783
9785
9787
9789
9791
9793
9795
9797
9799
9801
9803
9804
9806
9808
9810
9812
9814
9816
9818
9820
9822
9824
9826
9828
9830
9832
9834
9836
9837
9839
9841
9843
9845
9847
9849
9850
9852
9854
9856
9857
9859
9861
9863
9864
9866
9868
9870
9872
9873
9875
9877
9879
9881
9883
9885
9886
9888
9890
9892
9894
9896
9898
9900
9902
9903
9905
9907
9909
9911
9913
9915
9916
9918
9920
9922
9924
9926
9927
9929
9931
9932
9934
9936
9938
9940
9942
9944
9946
9948
9950
9952
9954
9956
9958
9960
9962
9963
9965
9967
9969
9971
9972
9974
9976
9978
9980
9982
9984
9986
9988
9990
9992
9994
9996
9998
10000
10002
10004
10006
10008
10009
10011
10013
10015
10017
10019
10021
10022
10024
10026
10028
10030
10032
10034
10036
10038
10040
10042
10044
10046
10048
10050
10051
10053
10055
10057
10058
10060
10062
10064
10066
10067
10069
10071
10073
10074
10076
10078
10080
10081
10083
10085
10087
10089
10091
10093
10094
10096
10098
10100
10102
10104
10106
10108
10110
10112
10114
10116
10118
10120
10122
10124
10126
10128
10130
10131
10133
10135
10137
10139
10141
10143
10145
10147
10148
10150
10152
10154
10156
10158
10159
10161
10163
10164
10166
10168
10170
10172
10174
10176
10178
10180
10182
10184
10186
10188
10190
10192
10194
10196
10198
10200
10202
10203
10205
10207
10209
10211
10213
10214
10216
10218
10220
10222
10224
10226
10228
10230
10232
10234
10236
10238
10240
10242
10244
10246
10248
10250
10251
10253
10255
10257
10259
10261
10263
10265
10266
10268
10270
10272
10274
10276
10278
10280
10282
10283
10285
10287
10288
10290
10292
10294
10296
10298
10300
10302
10304
10306
10307
10309
10311
10313
10315
10317
10319
10320
10322
10324
10326
10328
10330
10332
10334
10336
10338
10340
10342
10343
10345
10347
10349
10351
10353
10355
10357
10359
10361
10363
10365
10367
10369
10371
10373
10375
10377
10379
10380
10382
10384
10385
10387
10389
10391
10393
10395
10397
10399
10401
10403
10405
10407
10409
10411
10413
10415
10417
10419
10421
10423
10425
10427
10428
10430
10432
10434
10436
10438
10440
10442
10444
10446
10448
10450
10452
10453
10455
10457
10459
10461
10463
10465
10467
10469
10471
10473
10475
10476
10478
10480
10482
10484
10486
10488
10490
10492
10493
10495
10497
10498
10500
10502
10504
10506
10507
10509
10511
10513
10514
10516
10518
10520
10522
10524
10526
10528
10530
10532
10534
10536
10538
10540
10542
10543
10545
10547
10549
10551
10553
10555
10557
10559
10560
10562
10564
10566
10568
10570
10572
10574
10576
10578
10580
10582
10584
10585
10587
10589
10591
10593
10595
10597
10599
10601
10603
10605
10607
10609
10611
10613
10615
10617
10619
10621
10623
10625
10627
10629
10631
10633
10634
10636
10638
10639
10641
10643
10645
10647
10649
10651
10653
10655
10657
10659
10661
10663
10665
10667
10669
10671
10673
10674
10676
10678
10680
10682
10684
10686
10688
10690
10692
10694
10696
10698
10700
10702
10704
10706
10708
10710
10712
10713
10715
10717
10718
10720
10722
10724
10725
10727
10729
10731
10733
10735
10737
10739
10741
10742
10744
10746
10748
10750
10752
10754
10755
10757
10759
10760
10762
10764
10766
10768
10770
10772
10774
10775
10777
10779
10780
10782
10784
10786
10787
10789
10791
10793
10795
10797
10798
10800
10802
10804
10806
10808
10810
10812
10814
10816
10818
10820
10822
10824
10825
10827
10829
10830
10832
10834
10836
10837
10839
10841
10843
10844
10846
10848
10850
10852
10854
10856
10857
10859
10861
10863
10864
10866
10868
10870
10872
10873
10875
10877
10879
10881
10883
10885
10887
10889
10891
10892
10894
10896
10898
10900
10902
10904
10906
10908
10910
10911
10913
10915
10916
10918
10920
10922
10924
10926
10928
10930
10932
10934
10935
10937
10939
10941
10943
10945
10947
10949
10950
10952
10954
10956
10958
10960
10962
10964
10966
10968
10970
10972
10974
10976
10978
10980
10982
10984
10985
10987
10989
10991
10992
10994
10996
10998
11000
11002
11004
11006
11008
11010
11012
11014
11016
11018
11020
11022
11024
11026
11028
11030
11032
11034
11036
11038
11040
11042
11044
11046
11047
11049
11051
11053
11055
11057
11059
11061
11063
11065
11067
11069
11071
11073
11075
11077
11079
11081
11083
11085
11087
11089
11091
11093
11094
11096
11098
11100
11102
11104
11105
11107
11109
11111
11113
11115
11117
11118
11120
11122
11124
11125
11127
11129
11131
11133
11135
11137
11139
11141
11143
11145
11147
11149
11150
11152
11154
11156
11158
11160
11162
11164
11166
11168
11170
11172
11174
11176
11178
11180
11182
11184
11186
11188
11190
11192
11194
11196
11198
11200
11202
11204
11206
11208
11210
11212
11214
11216
11217
11219
11221
11223
11225
11227
11229
11231
11233
11235
11237
11239
11241
11243
11245
11247
11249
11251
11253
11255
11257
11259
11261
11263
11265
11267
11268
11270
11272
11274
11276
11278
11280
11282
11283
11285
11287
11289
11291
11293
11295
11297
11299
11301
11303
11304
11306
11308
11310
11312
11314
11316
11318
11319
11321
11323
11324
11326
11328
11330
11332
11334
11336
11337
11339
11341
11343
11345
11347
11349
11351
11353
11354
11356
11358
11360
11362
11364
11366
11368
11370
11372
11374
11376
11378
11379
11381
11383
11385
11387
11389
11391
11393
11395
11397
11399
11401
11403
11405
11407
11409
11411
11413
11415
11417
11419
11421
11422
11424
11426
11428
11429
11431
11433
11434
11436
11438
11440
11442
11444
11445
11447
11449
11450
11452
11454
11455
11457
11459
11461
11463
11465
11467
11469
11471
11473
11475
11477
11478
11480
11482
11484
11486
11488
11490
11492
11494
11496
11498
11500
11502
11504
11505
11507
11509
11511
11513
11515
11517
11519
11521
11523
11525
11527
11529
11531
11533
11535
11537
11539
11541
11543
11545
11546
11548
11550
11552
11554
11556
11558
11560
11561
11563
11565
11567
11569
11570
11572
11574
11576
11578
11580
11582
11584
11586
11588
11590
11592
11594
11596
11598
11600
11602
11604
11606
11607
11609
11611
11613
11615
11617
11619
11621
11623
11625
11627
11629
11631
11633
11635
11637
11639
11641
11642
11644
11646
11648
11650
11652
11653
11655
11657
11658
11660
11662
11664
11666
11668
11670
11672
11674
11676
11677
11679
11681
11683
11685
11687
11688
11690
11692
11694
11696
11698
11699
11701
11703
11705
11707
11709
11711
11713
11715
11717
11719
11721
11723
11725
11727
11729
11731
11733
11735
11737
11739
11741
11743
11745
11747
11749
11751
11752
11754
11756
11757
11759
11761
11763
11765
11767
11769
11771
11773
11775
11776
11778
11780
11782
11784
11786
11788
11789
11791
11793
11795
11797
11799
11801
11802
11804
11806
11808
11810
11812
11814
11816
11818
11819
11821
11823
11825
11827
11829
11830
11832
11834
11836
11838
11840
11842
11844
11846
11847
11849
11851
11853
11855
11856
11858
11860
11862
11864
11866
11868
11870
11872
11874
11876
11878
11880
11882
11884
11886
11888
11890
11892
11894
11896
11897
11899
11901
11903
11905
11907
11908
11910
11912
11914
11916
11917
11919
11921
11923
11925
11927
11929
11930
11932
11934
11935
11937
11939
11941
11943
11944
11946
11948
11950
11952
11954
11956
11958
11960
11962
11964
11966
11968
11970
11972
11974
11976
11977
11979
11981
11983
11985
11987
11989
11991
11993
11995
11997
11999
12001
12003
12005
12007
12009
12011
12013
12015
12017
12019
12021
12023
12025
12027
12029
12031
12033
12035
12037
12039
12041
12043
12045
12047
12048
12050
12052
12054
12056
12057
12059
12061
12063
12065
12067
12069
12071
12073
12075
12077
12079
12081
12082
12084
12086
12088
12090
12092
12093
12095
12097
12099
12101
12103
12105
12107
12109
12111
12112
12114
12116
12118
12120
12122
12124
12126
12127
12129
12131
12133
12135
12137
12139
12141
12143
12145
12146
12148
12150
12151
12153
12155
12157
12159
12161
12163
12164
12166
12168
12170
12172
12173
12175
12177
12178
12180
12182
12184
12185
12187
12189
12191
12193
12195
12197
12199
12201
12203
12204
12206
12208
12210
12211
12213
12215
12217
12219
12221
12223
12225
12227
12229
12231
12233
12235
12236
12238
12240
12242
12244
12246
12248
12250
12252
12253
12255
12257
12259
12261
12263
12265
12266
12268
12270
12271
12273
12275
12277
12279
12281
12283
12284
12286
12288
12290
12292
12294
12296
12298
12300
12302
12304
12306
12307
12309
12311
12313
12315
12317
12319
12321
12323
12325
12327
12329
12331
12333
12335
12336
12338
12340
12342
12344
12346
12348
12350
12352
12354
12356
12358
12360
12362
12363
12365
12367
12369
12371
12373
12375
12377
12379
12381
12383
12385
12387
12389
12391
12393
12394
12396
12398
12400
12402
12404
12406
12408
12410
12412
12414
12416
12418
12419
12421
12423
12425
12427
12429
12431
12433
12435
12437
12439
12441
12443
12444
12446
12448
12450
12452
12454
12456
12457
12459
12461
12463
12465
12467
12468
12470
12472
12473
12475
12477
12479
12481
12483
12485
12487
12489
12491
12493
12494
12496
12498
12500
12502
12503
12505
12507
12509
12511
12513
12514
12516
12518
12520
12522
12523
12525
12527
12529
12531
12533
12535
12537
12539
12541
12543
12545
12546
12548
12550
12552
12554
12556
12558
12560
12562
12564
12566
12567
12569
12571
12573
12575
12577
12579
12580
12582
12584
12585
12587
12589
12591
12593
12595
12597
12599
12601
12603
12605
12607
12609
12611
12613
12615
12617
12619
12621
12622
12624
12626
12628
12630
12632
12634
12636
12638
12640
12642
12644
12645
12647
12649
12651
12653
12655
12657
12658
12660
12662
12664
12666
12668
12670
12671
12673
12675
12677
12678
12680
12682
12683
12685
12687
12689
12691
12693
12694
12696
12698
12700
12702
12703
12705
12707
12709
12711
12713
12715
12717
12719
12721
12722
12724
12726
12728
12730
12732
12734
12736
12738
12740
12742
12744
12746
12748
12750
12752
12754
12756
12758
12760
12762
12764
12766
12768
12769
12771
12773
12775
12777
12779
12781
12783
12785
12787
12789
12790
12792
12794
12796
12798
12799
12801
12803
12805
12807
12809
12811
12813
12815
12817
12819
12821
12822
12824
12826
12828
12830
12832
12834
12836
12838
12839
12841
12843
12845
12847
12849
12851
12853
12855
12857
12859
12861
12862
12864
12866
12868
12870
12872
12874
12876
12878
12880
12882
12883
12885
12887
12889
12891
12893
12895
12897
12899
12901
12903
12905
12907
12909
12911
12912
12914
12916
12918
12920
12922
12924
12926
12928
12930
12932
12934
12936
12938
12940
12942
12943
12945
12947
12949
12951
12953
12955
12957
12959
12960
12962
12964
12966
12968
12970
12972
12974
12976
12978
12980
12982
12984
12986
12988
12990
12991
12993
12995
12997
12999
13001
13003
13005
13007
13009
13011
13013
13015
13017
13019
13021
13023
13025
13027
13029
13031
13033
13035
13037
13039
13041
13043
13045
13047
13049
13051
13053
13055
13057
13059
13061
13063
13064
13066
13068
13070
13072
13074
13076
13078
13080
13082
13083
13085
13087
13089
13091
13093
13095
13097
13099
13101
13102
13104
13106
13108
13110
13112
13114
13116
13118
13120
13122
13124
13126
13128
13130
13132
13134
13136
13138
13140
13142
13144
13146
13148
13149
13151
13153
13155
13156
13158
13160
13162
13163
13165
13167
13168
13170
13172
13174
13176
13178
13180
13182
13184
13186
13188
13189
13191
13193
13194
13196
13198
13199
13201
13203
13204
13206
13208
13210
13212
13213
13215
13217
13219
13221
13223
13225
13227
13228
13230
13232
13234
13235
13237
13239
13241
13243
13245
13247
13249
13251
13253
13255
13256
13258
13260
13262
13264
13266
13268
13269
13271
13273
13275
13277
13278
13280
13282
13284
13286
13288
13289
13291
13293
13295
13297
13299
13301
13303
13305
13307
13309
13311
13313
13315
13317
13319
13321
13323
13325
13327
13329
13331
13333
13335
13337
13338
13340
13342
13344
13346
13347
13349
13351
13353
13354
13356
13358
13359
13361
13363
13365
13367
13369
13371
13373
13375
13377
13379
13381
13383
13385
13387
13389
13391
13393
13395
13397
13399
13401
13403
13405
13407
13409
13411
13413
13415
13417
13419
13421
13423
13425
13426
13428
13430
13431
13433
13435
13437
13439
13441
13443
13445
13447
13449
13451
13453
13455
13457
13459
13461
13463
13465
13467
13468
13470
13472
13473
13475
13477
13478
13480
13482
13484
13486
13488
13490
13491
13493
13495
13497
13499
13501
13502
13504
13506
13508
13510
13512
13514
13516
13518
13520
13522
13524
13526
13528
13530
13532
13534
13536
13538
13540
13541
13543
13545
13546
13548
13550
13552
13554
13556
13558
13560
13562
13564
13566
13568
13570
13572
13574
13576
13578
13579
13581
13583
13585
13587
13588
13590
13592
13594
13595
13597
13599
13601
13603
13605
13607
13609
13610
13612
13614
13616
13618
13620
13622
13624
13626
13628
13630
13632
13634
13636
13638
13640
13642
13643
13645
13647
13648
13650
13652
13654
13656
13658
13660
13662
13664
13666
13668
13670
13672
13674
13676
13678
13680
13682
13683
13685
13687
13689
13691
13693
13695
13697
13699
13701
13703
13705
13707
13709
13711
13713
13715
13717
13719
13721
13723
13725
13727
13729
13731
13733
13735
13737
13739
13741
13742
13744
13746
13748
13750
13752
13754
13756
13758
13760
13762
13764
13766
13768
13770
13772
13773
13775
13777
13779
13781
13783
13784
13786
13788
13790
13792
13794
13795
13797
13799
13801
13803
13805
13807
13809
13811
13813
13815
13816
13818
13820
13822
13824
13826
13828
13829
13831
13833
13835
13837
13839
13841
13843
13845
13846
13848
13850
13852
13854
13856
13857
13859
13861
13863
13865
13867
13869
13871
13873
13874
13876
13878
13880
13882
13884
13885
13887
13889
13890
13892
13894
13896
13898
13900
13902
13904
13906
13908
13910
13912
13914
13916
13918
13919
13921
13923
13924
13926
13928
13930
13932
13934
13936
13938
13940
13941
13943
13945
13947
13949
13951
13953
13955
13957
13959
13961
13963
13964
13966
13968
13970
13972
13974
13976
13977
13979
13981
13983
13985
13987
13989
13991
13993
13995
13997
13999
14001
14003
14005
14007
14009
14011
14013
14015
14017
14019
14021
14023
14025
14026
14028
14030
14032
14033
14035
14037
14039
14040
14042
14044
14046
14048
14049
14051
14053
14055
14057
14059
14061
14063
14064
14066
14068
14070
14072
14073
14075
14077
14079
14081
14083
14085
14087
14089
14091
14093
14095
14097
14099
14101
14103
14105
14107
14109
14110
14112
14114
14116
14117
14119
14121
14123
14125
14127
14128
14130
14132
14134
14136
14137
14139
14141
14143
14145
14147
14149
14151
14153
14154
14156
14158
14160
14162
14164
14166
14168
14170
14171
14173
14175
14177
14179
14181
14182
14184
14186
14188
14190
14191
14193
14195
14197
14199
14201
14203
14205
14207
14208
14210
14212
14214
14216
14218
14220
14222
14224
14225
14227
14229
14231
14233
14234
14236
14238
14240
14242
14244
14246
14248
14250
14252
14254
14256
14258
14259
14261
14263
14265
14267
14268
14270
14272
14274
14276
14278
14279
14281
14283
14285
14287
14289
14290
14292
14294
14296
14298
14300
14301
14303
14305
14307
14309
14311
14312
14314
14316
14318
14320
14322
14324
14326
14328
14330
14332
14334
14336
14338
14340
14341
14343
14345
14347
14349
14351
14353
14355
14357
14359
14361
14362
14364
14366
14368
14370
14372
14373
14375
14377
14379
14381
14383
14385
14387
14389
14391
14393
14395
14397
14399
14400
14402
14404
14406
14407
14409
14411
14413
14415
14416
14418
14420
14421
14423
14425
14426
14428
14430
14432
14434
14436
14437
14439
14441
14443
14445
14447
14449
14451
14453
14455
14457
14459
14461
14463
14465
14467
14469
14470
14472
14474
14475
14477
14479
14480
14482
14484
14485
14487
14489
14491
14492
14494
14496
14498
14500
14502
14504
14506
14508
14509
14511
14513
14514
14516
14518
14520
14522
14524
14526
14528
14530
14532
14534
14536
14538
14540
14542
14544
14545
14547
14549
14551
14552
14554
14556
14557
14559
14561
14563
14565
14566
14568
14570
14572
14574
14576
14578
14580
14582
14584
14586
14588
14589
14591
14593
14594
14596
14598
14600
14602
14604
14606
14608
14610
14612
14614
14616
14618
14620
14622
14623
14625
14627
14629
14631
14633
14635
14637
14638
14640
14642
14644
14646
14647
14649
14651
14653
14654
14656
14658
14660
14662
14664
14666
14668
14669
14671
14673
14675
14677
14679
14681
14683
14684
14686
14688
14690
14692
14694
14696
14698
14700
14702
14703
14705
14707
14709
14711
14713
14715
14717
14719
14721
14723
14725
14727
14729
14731
14733
14735
14736
14738
14740
14742
14744
14746
14748
14749
14751
14753
14755
14757
14759
14761
14763
14765
14767
14769
14771
14773
14775
14776
14778
14780
14782
14784
14786
14788
14790
14792
14794
14796
14797
14799
14801
14803
14805
14806
14808
14810
14812
14814
14816
14817
14819
14821
14823
14825
14827
14829
14830
14832
14834
14836
14838
14840
14841
14843
14845
14846
14848
14850
14852
14854
14855
14857
14859
14861
14863
14865
14867
14869
14871
14873
14874
14876
14878
14880
14882
14884
14886
14888
14890
14892
14893
14895
14897
14899
14901
14902
14904
14906
14908
14910
14912
14914
14916
14918
14919
14921
14923
14925
14926
14928
14930
14931
14933
14935
14937
14939
14941
14943
14945
14947
14949
14950
14952
14954
14956
14958
14960
14962
14964
14966
14968
14970
14972
14974
14976
14978
14980
14982
14984
14986
14988
14989
14991
14993
14994
14996
14998
15000
15002
15004
15006
15008
15010
15012
15014
15016
15018
15020
15022
15024
15026
15028
15029
15031
15033
15034
15036
15038
15040
15042
15044
15046
15047
15049
15051
15052
15054
15056
15058
15060
15062
15064
15066
15068
15070
15072
15074
15076
15078
15080
15082
15084
15086
15088
15090
15092
15094
15095
15097
15099
15101
15102
15104
15106
15108
15110
15112
15114
15116
15118
15120
15122
15124
15126
15128
15130
15132
15134
15136
15138
15140
15142
15144
15146
15148
15150
15152
15153
15155
15157
15159
15161
15163
15165
15167
15169
15171
15172
15174
15176
15177
15179
15181
15183
15185
15187
15189
15191
15193
15195
15197
15199
15201
15203
15205
15207
15209
15211
15213
15215
15217
15219
15221
15223
15225
15227
15229
15231
15233
15235
15236
15238
15240
15242
15244
15246
15247
15249
15251
15253
15255
15257
15259
15261
15263
15265
15267
15269
15271
15273
15275
15277
15279
15281
15283
15284
15286
15288
15290
15292
15294
15296
15298
15300
15302
15304
15306
15308
15310
15312
15313
15315
15317
15318
15320
15322
15324
15326
15328
15329
15331
15333
15335
15337
15338
15340
15342
15344
15345
15347
15349
15351
15353
15355
15357
15359
15361
15362
15364
15366
15368
15370
15372
15374
15376
15378
15380
15382
15384
15386
15388
15389
15391
15393
15395
15397
15399
15400
15402
15404
15406
15407
15409
15411
15413
15415
15417
15419
15420
15422
15424
15426
15428
15430
15432
15434
15435
15437
15439
15441
15443
15445
15447
15449
15451
15452
15454
15456
15458
15460
15462
15464
15466
15468
15470
15472
15474
15476
15478
15480
15482
15483
15485
15487
15488
15490
15492
15493
15495
15497
15498
15500
15502
15504
15506
15508
15510
15512
15514
15516
15517
15519
15521
15523
15525
15527
15529
15531
15533
15535
15536
15538
15540
15542
15544
15546
15548
15550
15551
15553
15555
15557
15559
15560
15562
15564
15566
15568
15570
15571
15573
15575
15577
15578
15580
15582
15584
15586
15588
15590
15592
15593
15595
15597
15599
15601
15603
15605
15607
15608
15610
15612
15614
15616
15618
15620
15622
15624
15625
15627
15629
15631
15632
15634
15636
15637
15639
15641
15642
15644
15646
15648
15649
15651
15653
15655
15657
15659
15661
15663
15665
15667
15669
15671
15673
15675
15677
15679
15681
15682
15684
15686
15688
15690
15692
15694
15696
15698
15699
15701
15703
15705
15707
15708
15710
15712
15714
15716
15718
15720
15722
15724
15726
15728
15730
15732
15734
15735
15737
15739
15741
15743
15745
15747
15749
15750
15752
15754
15756
15758
15759
15761
15763
15765
15767
15769
15771
15773
15775
15777
15779
15781
15783
15785
15786
15788
15790
15792
15794
15796
15798
15800
15802
15804
15806
15808
15810
15811
15813
15815
15817
15819
15821
15823
15825
15827
15829
15831
15833
15835
15837
15839
15841
15842
15844
15846
15847
15849
15851
15853
15855
15856
15858
15860
15862
15864
15866
15868
15869
15871
15873
15875
15877
15879
15881
15883
15885
15886
15888
15890
15892
15894
15896
15898
15900
15902
15904
15905
15907
15909
15911
15913
15915
15917
15919
15921
15923
15925
15926
15928
15930
15932
15934
15935
15937
15939
15940
15942
15944
15945
15947
15949
15950
15952
15954
15955
15957
15959
15961
15962
15964
15966
15968
15969
15971
15973
15975
15977
15979
15981
15983
15985
15987
15989
15991
15993
15995
15997
15998
16000
16002
16004
16006
16007
16009
16011
16013
16015
16017
16019
16021
16023
16024
16026
16028
16030
16032
16034
16036
16038
16040
16042
16044
16046
16048
16050
16052
16054
16056
16058
16059
16061
16063
16065
16067
16069
16071
16073
16075
16077
16079
16080
16082
16084
16086
16088
16090
16092
16094
16096
16098
16100
16102
16104
16106
16108
16110
16111
16113
16115
16117
16119
16121
16123
16125
16127
16129
16131
16133
16135
16136
16138
16140
16142
16144
16146
16148
16150
16152
16154
16155
16157
16159
16161
16163
16165
16167
16169
16171
16173
16175
16177
16179
16181
16182
16184
16186
16188
16190
16192
16194
16196
16198
16200
16202
16204
16206
16208
16210
16211
16213
16215
16217
16219
16221
16223
16225
16227
16229
16231
16233
16235
16237
16239
16241
16243
16245
16247
16249
16251
16253
16255
16256
16258
16260
16262
16264
16266
16268
16270
16272
16274
16276
16278
16280
16281
16283
16285
16287
16289
16291
16293
16294
16296
16298
16300
16301
16303
16305
16307
16309
16310
16312
16314
16316
16318
16320
16322
16324
16326
16328
16329
16331
16333
16335
16337
16339
16341
16343
16345
16347
16349
16351
16353
16355
16356
16358
16360
16362
16364
16366
16368
16370
16372
16373
16375
16377
16379
16381
16383
16385
16387
16389
16391
16393
16395
16397
16399
16401
16403
16405
16407
16409
16411
16412
16414
16416
16418
16420
16422
16424
16426
16428
16430
16432
16434
16436
16438
16439
16441
16443
16445
16447
16449
16451
16452
16454
16456
16458
16460
16462
16464
16466
16468
16470
16472
16474
16476
16478
16480
16481
16483
16485
16486
16488
16490
16492
16494
16496
16498
16500
16502
16503
16505
16507
16509
16511
16513
16515
16517
16519
16521
16523
16525
16527
16529
16531
16533
16535
16536
16538
16540
16542
16544
16546
16548
16550
16551
16553
16555
16557
16559
16561
16563
16565
16567
16569
16571
16573
16575
16577
16579
16581
16583
16585
16587
16589
16590
16592
16594
16596
16598
16600
16602
16604
16606
16608
16609
16611
16613
16614
16616
16618
16620
16622
16624
16626
16627
16629
16631
16633
16635
16637
16639
16641
16643
16644
16646
16648
16650
16652
16654
16656
16658
16660
16662
16664
16666
16668
16670
16672
16674
16676
16678
16680
16682
16684
16686
16687
16689
16691
16693
16695
16697
16699
16700
16702
16704
16705
16707
16709
16710
16712
16714
16716
16718
16720
16722
16724
16726
16728
16730
16732
16733
16735
16737
16738
16740
16742
16744
16745
16747
16749
16751
16753
16755
16757
16759
16761
16763
16765
16767
16769
16771
16773
16775
16777
16779
16781
16783
16785
16787
16789
16791
16793
16795
16796
16798
16800
16802
16804
16806
16808
16810
16812
16814
16816
16818
16820
16822
16824
16826
16828
16830
16832
16834
16836
16837
16839
16841
16842
16844
16846
16848
16850
16852
16854
16856
16858
16860
16862
16864
16866
16868
16870
16872
16874
16876
16878
16879
16881
16883
16885
16887
16889
16891
16893
16895
16897
16899
16901
16903
16905
16907
16908
16910
16912
16914
16916
16918
16919
16921
16923
16925
16927
16929
16931
16933
16935
16937
16939
16941
16943
16945
16946
16948
16950
16952
16954
16956
16958
16960
16962
16964
16966
16968
16970
16972
16974
16976
16978
16980
16982
16983
16985
16987
16989
16991
16993
16995
16996
16998
17000
17002
17004
17006
17008
17009
17011
17013
17015
17016
17018
17020
17022
17024
17026
17027
17029
17031
17033
17035
17037
17039
17041
17043
17045
17047
17049
17051
17052
17054
17056
17058
17059
17061
17063
17065
17067
17069
17071
17073
17075
17077
17079
17081
17082
17084
17086
17088
17090
17092
17094
17096
17098
17100
17102
17103
17105
17107
17109
17110
17112
17114
17116
17118
17119
17121
17123
17125
17126
17128
17130
17131
17133
17135
17137
17139
17141
17143
17144
17146
17148
17150
17152
17154
17156
17157
17159
17161
17163
17165
17166
17168
17170
17172
17174
17176
17178
17180
17182
17184
17186
17188
17190
17192
17194
17196
17198
17199
17201
17203
17205
17207
17209
17211
17213
17215
17217
17219
17221
17223
17225
17227
17229
17231
17233
17235
17237
17239
17241
17243
17244
17246
17248
17250
17252
17254
17256
17257
17259
17261
17263
17265
17267
17269
17271
17273
17275
17277
17278
17280
17282
17283
17285
17287
17289
17291
17293
17295
17297
17299
17301
17303
17305
17307
17309
17310
17312
17314
17316
17318
17320
17322
17324
17326
17328
17330
17332
17334
17336
17338
17340
17341
17343
17345
17346
17348
17350
17352
17354
17356
17358
17359
17361
17363
17364
17366
17368
17370
17372
17374
17376
17378
17380
17381
17383
17385
17387
17389
17391
17393
17395
17397
17399
17401
17403
17405
17407
17409
17411
17413
17415
17417
17419
17421
17423
17425
17427
17429
17430
17432
17434
17436
17438
17440
17442
17443
17445
17447
17449
17450
17452
17454
17456
17457
17459
17461
17463
17465
17467
17469
17471
17473
17475
17477
17479
17481
17483
17485
17487
17488
17490
17492
17494
17496
17498
17500
17501
17503
17505
17507
17509
17511
17513
17515
17517
17519
17520
17522
17524
17526
17528
17530
17532
17534
17536
17537
17539
17541
17543
17545
17547
17549
17551
17553
17555
17557
17559
17560
17562
17564
17566
17568
17570
17572
17574
17575
17577
17579
17581
17583
17585
17587
17589
17591
17593
17595
17596
17598
17600
17602
17604
17605
17607
17609
17611
17613
17614
17616
17618
17620
17622
17624
17626
17628
17630
17632
17633
17635
17637
17639
17641
17643
17645
17647
17649
17651
17653
17655
17657
17659
17661
17663
17665
17667
17669
17671
17672
17674
17676
17678
17680
17682
17684
17686
17688
17690
17692
17693
17695
17697
17699
17701
17703
17705
17707
17709
17711
17713
17715
17716
17718
17720
17722
17724
17726
17728
17730
17732
17734
17736
17738
17740
17741
17743
17745
17747
17748
17750
17752
17754
17755
17757
17759
17761
17763
17765
17767
17768
17770
17772
17774
17776
17778
17780
17782
17784
17785
17787
17789
17791
17793
17795
17796
17798
17800
17802
17804
17805
17807
17809
17811
17812
17814
17816
17818
17820
17822
17824
17826
17828
17830
17832
17834
17836
17837
17839
17841
17843
17845
17847
17849
17851
17853
17855
17857
17859
17861
17863
17865
17867
17869
17871
17873
17875
17877
17879
17881
17883
17885
17886
17888
17890
17892
17893
17895
17897
17898
17900
17902
17904
17906
17908
17910
17911
17913
17915
17916
17918
17920
17922
17923
17925
17927
17929
17931
17933
17935
17937
17939
17941
17943
17945
17947
17949
17951
17953
17955
17957
17959
17961
17963
17965
17967
17968
17970
17972
17974
17976
17978
17980
17982
17983
17985
17987
17989
17991
17993
17995
17997
17999
18000
18002
18004
18006
18008
18010
18012
18014
18016
18018
18020
18021
18023
18025
18027
18028
18030
18032
18034
18036
18038
18040
18042
18044
18046
18048
18050
18052
18054
18056
18058
18060
18062
18064
18066
18068
18070
18071
18073
18075
18077
18079
18081
18083
18085
18087
18089
18091
18093
18095
18096
18098
18100
18102
18104
18106
18108
18110
18112
18114
18116
18118
18120
18122
18124
18126
18127
18129
18131
18133
18135
18137
18139
18141
18143
18145
18147
18149
18151
18153
18155
18157
18158
18160
18162
18164
18166
18168
18170
18172
18174
18176
18177
18179
18181
18183
18185
18187
18189
18191
18193
18195
18197
18199
18201
18202
18204
18206
18208
18210
18212
18214
18216
18218
18220
18222
18223
18225
18227
18229
18231
18233
18235
18237
18239
18241
18242
18244
18246
18248
18250
18252
18254
18256
18258
18260
18262
18264
18266
18267
18269
18271
18273
18275
18277
18279
18281
18283
18285
18287
18289
18291
18292
18294
18296
18298
18300
18302
18304
18306
18308
18310
18312
18313
18315
18317
18319
18321
18323
18325
18327
18329
18331
18333
18335
18337
18339
18341
18343
18345
18347
18349
18350
18352
18354
18356
18358
18360
18362
18364
18365
18367
18369
18370
18372
18374
18376
18377
18379
18381
18383
18385
18387
18389
18391
18393
18395
18397
18399
18400
18402
18404
18406
18408
18410
18412
18414
18415
18417
18419
18421
18422
18424
18426
18428
18430
18432
18434
18436
18438
18440
18442
18444
18446
18447
18449
18451
18453
18455
18457
18459
18461
18463
18465
18467
18469
18471
18473
18475
18477
18479
18481
18483
18485
18487
18489
18491
18492
18494
18496
18498
18499
18501
18503
18504
18506
18508
18510
18512
18514
18516
18518
18520
18522
18523
18525
18527
18529
18531
18533
18535
18537
18539
18541
18543
18545
18547
18549
18551
18553
18555
18557
18559
18561
18563
18564
18566
18568
18570
18572
18574
18576
18578
18580
18582
18584
18586
18588
18590
18592
18594
18596
18598
18600
18601
18603
18605
18607
18609
18611
18613
18615
18616
18618
18620
18621
18623
18625
18627
18629
18631
18633
18635
18637
18638
18640
18642
18644
18646
18648
18650
18652
18654
18656
18658
18660
18661
18663
18665
18666
18668
18670
18672
18673
18675
18677
18678
18680
18682
18684
18686
18688
18690
18692
18694
18696
18697
18699
18701
18703
18705
18707
18709
18710
18712
18714
18715
18717
18719
18721
18723
18725
18727
18729
18731
18733
18735
18737
18739
18741
18743
18745
18747
18749
18750
18752
18754
18756
18758
18760
18762
18764
18766
18767
18769
18771
18772
18774
18776
18778
18780
18782
18784
18786
18788
18790
18792
18794
18796
18798
18799
18801
18803
18805
18806
18808
18810
18812
18814
18816
18818
18820
18822
18824
18826
18828
18829
18831
18833
18835
18837
18839
18840
18842
18844
18846
18848
18850
18852
18854
18856
18858
18860
18862
18864
18866
18868
18870
18872
18874
18876
18878
18880
18882
18883
18885
18887
18889
18891
18893
18895
18897
18899
18901
18903
18905
18907
18909
18911
18913
18915
18917
18918
18920
18922
18923
18925
18927
18929
18931
18933
18935
18937
18938
18940
18942
18944
18946
18948
18950
18952
18954
18956
18958
18960
18962
18963
18965
18967
18969
18971
18972
18974
18976
18977
18979
18981
18983
18985
18987
18989
18991
18993
18994
18996
18998
19000
19002
19004
19006
19008
19009
19011
19013
19015
19017
19019
19021
19023
19025
19026
19028
19030
19032
19033
19035
19037
19039
19041
19043
19044
19046
19048
19050
19052
19054
19056
19057
19059
19061
19063
19065
19067
19069
19071
19073
19075
19077
19079
19081
19083
19085
19087
19088
19090
19092
19094
19096
19098
19100
19102
19104
19106
19108
19110
19112
19114
19116
19118
19120
19121
19123
19125
19127
19129
19131
19133
19135
19136
19138
19140
19141
19143
19145
19147
19149
19151
19153
19155
19157
19159
19161
19163
19165
19167
19169
19171
19173
19175
19177
19179
19181
19183
19185
19187
19189
19190
19192
19194
19195
19197
19199
19201
19203
19205
19207
19208
19210
19212
19214
19216
19217
19219
19221
19223
19225
19227
19229
19231
19233
19235
19237
19239
19241
19243
19245
19247
19249
19251
19253
19255
19257
19259
19261
19263
19265
19267
19269
19270
19272
19274
19276
19278
19280
19282
19284
19286
19288
19290
19292
19294
19296
19297
19299
19301
19303
19305
19307
19309
19310
19312
19314
19316
19318
19320
19322
19324
19326
19328
19330
19332
19334
19336
19338
19340
19342
19344
19346
19348
19350
19352
19353
19355
19357
19358
19360
19362
19364
19366
19368
19369
19371
19373
19375
19377
19379
19381
19383
19385
19387
19389
19391
19393
19394
19396
19398
19400
19402
19403
19405
19407
19409
19411
19413
19415
19417
19419
19421
19423
19425
19427
19429
19431
19433
19435
19437
19439
19441
19443
19445
19447
19449
19451
19453
19454
19456
19458
19460
19462
19464
19466
19468
19470
19472
19474
19476
19478
19480
19482
19483
19485
19487
19489
19491
19493
19495
19497
19499
19501
19503
19505
19507
19509
19511
19513
19515
19517
19519
19521
19523
19525
19527
19528
19530
19532
19534
19536
19537
19539
19541
19543
19544
19546
19548
19550
19552
19554
19556
19558
19560
19562
19564
19566
19568
19570
19572
19574
19576
19578
19580
19582
19584
19586
19588
19590
19592
19594
19595
19597
19599
19601
19603
19605
19607
19609
19611
19613
19614
19616
19618
19620
19622
19624
19626
19628
19630
19632
19634
19636
19638
19640
19642
19644
19646
19648
19650
19652
19654
19656
19658
19660
19662
19664
19666
19668
19670
19672
19673
19675
19677
19679
19681
19683
19685
19687
19689
19691
19693
19694
19696
19698
19700
19702
19703
19705
19707
19709
19711
19713
19715
19717
19719
19721
19723
19725
19727
19729
19731
19733
19735
19737
19739
19741
19743
19745
19747
19749
19751
19753
19755
19756
19758
19760
19762
19764
19765
19767
19769
19771
19773
19775
19777
19779
19781
19783
19785
19787
19788
19790
19792
19794
19796
19798
19799
19801
19803
19805
19807
19809
19810
19812
19814
19815
19817
19819
19821
19822
19824
19826
19828
19830
19832
19834
19836
19838
19839
19841
19843
19845
19847
19849
19851
19853
19855
19856
19858
19860
19861
19863
19865
19866
19868
19870
19872
19874
19876
19878
19880
19882
19883
19885
19887
19889
19891
19892
19894
19896
19898
19900
19902
19904
19906
19908
19910
19912
19914
19916
19918
19919
19921
19923
19925
19927
19929
19931
19933
19935
19937
19939
19941
19943
19945
19947
19949
19951
19953
19955
19956
19958
19960
19962
19964
19965
19967
19969
19971
19973
19975
19976
19978
19980
19982
19984
19986
19988
19990
19992
19994
19996
19998
20000
20001
20003
20005
20007
20009
20011
20013
20014
20016
20018
20020
20022
20024
20026
20028
20029
20031
20033
20035
20037
20039
20041
20043
20045
20047
20049
20051
20053
20055
20056
20058
20060
20062
20064
20066
20068
20070
20072
20074
20076
20078
20080
20082
20084
20085
20087
20089
20090
20092
20094
20096
20098
20100
20102
20104
20106
20108
20110
20112
20114
20116
20118
20120
20122
20124
20126
20128
20129
20131
20133
20135
20137
20139
20140
20142
20144
20146
20148
20150
20152
20154
20156
20158
20160
20162
20164
20166
20168
20170
20172
20174
20176
20178
20179
20181
20183
20184
20186
20188
20190
20192
20193
20195
20197
20198
20200
20202
20204
20206
20207
20209
20211
20213
20215
20217
20219
20221
20223
20225
20226
20228
20230
20232
20233
20235
20237
20239
