1
3
6
8
11
13
15
18
20
23
25
28
30
33
35
37
39
41
44
46
48
50
53
55
57
59
61
64
66
68
70
72
75
77
80
82
84
87
89
92
94
96
99
101
103
105
107
109
111
113
115
117
119
121
123
125
127
130
132
134
136
138
140
143
145
148
150
152
154
156
158
160
162
164
166
168
170
172
174
176
178
180
182
184
186
188
190
192
194
196
198
200
202
204
206
209
211
213
215
217
219
221
223
225
228
230
232
234
236
238
240
242
245
247
249
251
253
255
257
259
261
263
265
267
270
272
274
276
278
280
282
285
287
289
291
293
295
297
299
301
303
305
307
309
311
313
315
318
320
322
325
327
329
331
333
335
337
339
341
344
346
348
350
352
355
357
359
361
363
365
367
369
371
373
375
377
379
381
383
385
387
389
391
393
396
398
400
402
404
406
408
410
412
414
416
418
420
422
425
427
430
432
435
437
440
442
444
446
448
451
453
455
457
459
461
463
465
467
469
471
473
475
477
479
481
483
485
487
489
491
493
495
497
499
501
503
506
508
510
513
515
517
519
521
523
525
527
530
532
534
536
538
540
542
544
546
548
550
552
555
557
560
562
565
567
569
571
573
575
577
579
581
584
586
588
590
592
594
596
598
600
602
604
606
608
611
613
615
617
619
621
623
626
628
631
633
635
637
640
642
644
646
648
650
652
655
657
659
662
664
666
668
670
672
674
676
678
680
682
684
686
688
690
692
694
696
699
701
703
706
708
710
712
714
717
719
721
723
725
727
729
731
733
735
737
739
741
743
745
747
749
751
753
755
757
759
761
763
765
767
770
772
774
776
778
781
783
785
787
789
791
793
796
798
800
802
804
806
808
810
812
814
816
818
820
822
824
826
828
830
832
834
836
838
840
842
844
846
848
850
852
854
856
859
861
863
865
867
869
871
873
875
877
880
882
884
886
888
890
892
894
897
899
901
903
905
907
909
911
913
916
918
920
923
925
927
929
931
933
936
938
940
942
944
946
948
950
953
955
957
960
962
964
966
968
970
972
974
976
978
980
982
984
986
988
990
992
994
997
999
1001
1003
1005
1007
1009
1011
1013
1015
1017
1019
1021
1023
1025
1027
1030
1032
1034
1036
1038
1040
1043
1045
1047
1050
1052
1054
1056
1058
1060
1062
1064
1066
1068
1070
1072
1075
1077
1079
1081
1083
1086
1088
1090
1092
1094
1096
1098
1100
1102
1105
1107
1109
1111
1113
1115
1117
1119
1121
1123
1125
1127
1129
1131
1133
1135
1137
1139
1141
1143
1145
1147
1150
1152
1154
1157
1159
1161
1163
1165
1167
1169
1171
1173
1175
1177
1179
1181
1183
1185
1187
1189
1191
1193
1195
1197
1200
1202
1204
1206
1208
1210
1212
1214
1216
1218
1220
1223
1225
1227
1229
1231
1233
1235
1237
1239
1241
1243
1245
1247
1249
1252
1254
1256
1258
1261
1263
1265
1267
1269
1271
1274
1276
1278
1280
1282
1284
1287
1289
1291
1293
1295
1297
1300
1302
1304
1306
1308
1310
1312
1314
1316
1318
1320
1322
1324
1326
1328
1331
1333
1335
1337
1339
1341
1343
1345
1347
1349
1351
1353
1356
1358
1360
1362
1364
1367
1369
1371
1373
1375
1377
1379
1381
1383
1385
1387
1389
1391
1393
1395
1397
1400
1402
1404
1406
1408
1410
1412
1414
1416
1418
1420
1422
1425
1427
1429
1431
1433
1435
1438
1440
1442
1444
1446
1448
1450
1453
1455
1458
1460
1463
1465
1467
1469
1472
1474
1476
1478
1480
1482
1484
1486
1488
1490
1492
1494
1496
1498
1500
1502
1504
1506
1508
1510
1512
1514
1516
1518
1520
1522
1524
1526
1528
1530
1532
1534
1536
1538
1540
1542
1544
1546
1548
1550
1552
1554
1556
1559
1561
1563
1565
1568
1570
1572
1574
1576
1578
1580
1582
1584
1587
1589
1591
1593
1595
1597
1599
1601
1603
1606
1608
1610
1612
1614
1616
1618
1621
1623
1625
1627
1629
1631
1633
1635
1637
1639
1641
1643
1645
1647
1650
1652
1654
1656
1658
1660
1662
1664
1666
1668
1670
1672
1674
1676
1678
1680
1682
1684
1687
1689
1691
1693
1695
1697
1700
1702
1704
1706
1708
1710
1712
1714
1716
1718
1720
1722
1724
1726
1728
1730
1732
1734
1736
1738
1740
1742
1744
1746
1748
1750
1752
1754
1757
1759
1761
1763
1766
1768
1770
1772
1774
1776
1778
1780
1783
1785
1787
1789
1791
1793
1795
1798
1800
1802
1804
1806
1808
1810
1812
1814
1817
1819
1821
1824
1826
1829
1831
1833
1835
1837
1839
1841
1843
1846
1848
1850
1852
1854
1856
1858
1860
1862
1864
1867
1869
1871
1873
1875
1877
1879
1881
1883
1886
1888
1890
1892
1894
1896
1898
1900
1902
1904
1906
1908
1910
1912
1915
1917
1919
1921
1923
1925
1927
1929
1931
1933
1935
1937
1939
1941
1943
1945
1947
1949
1951
1953
1955
1957
1959
1961
1963
1965
1967
1969
1971
1974
1976
1978
1980
1982
1984
1986
1988
1991
1993
1995
1997
1999
2001
2003
2005
2008
2010
2012
2014
2016
2018
2020
2022
2024
2026
2028
2031
2033
2035
2037
2039
2041
2044
2046
2049
2051
2053
2055
2057
2059
2061
2063
2066
2068
2070
2072
2074
2077
2079
2081
2083
2085
2087
2090
2092
2094
2096
2098
2101
2103
2105
2108
2110
2112
2114
2116
2118
2120
2122
2124
2126
2129
2131
2133
2135
2138
2140
2142
2144
2146
2148
2150
2153
2155
2157
2159
2161
2164
2166
2168
2170
2172
2174
2176
2178
2180
2182
2184
2186
2189
2191
2193
2195
2197
2199
2201
2203
2205
2207
2209
2211
2213
2215
2218
2220
2222
2224
2226
2228
2230
2232
2234
2237
2239
2241
2243
2245
2247
2249
2252
2254
2256
2258
2260
2262
2264
2266
2269
2271
2273
2275
2278
2280
2282
2284
2286
2288
2290
2292
2294
2296
2298
2300
2302
2304
2306
2309
2311
2313
2315
2317
2319
2321
2323
2325
2327
2329
2331
2333
2335
2337
2339
2341
2343
2345
2347
2349
2351
2353
2355
2357
2360
2362
2364
2366
2368
2370
2372
2374
2376
2378
2380
2382
2384
2386
2388
2390
2392
2394
2396
2398
2401
2403
2405
2407
2409
2411
2413
2415
2417
2419
2421
2423
2425
2428
2430
2432
2434
2436
2438
2440
2442
2444
2446
2448
2450
2452
2454
2456
2458
2460
2462
2465
2467
2469
2471
2473
2475
2477
2479
2481
2484
2486
2488
2491
2493
2495
2497
2499
2501
2504
2506
2508
2510
2512
2514
2516
2518
2520
2522
2524
2526
2529
2531
2533
2535
2538
2540
2542
2544
2547
2549
2551
2553
2556
2558
2560
2562
2565
2567
2569
2571
2573
2575
2577
2579
2581
2584
2586
2589
2591
2593
2595
2597
2599
2601
2603
2605
2607
2609
2611
2613
2615
2617
2619
2621
2623
2626
2628
2630
2632
2634
2636
2638
2640
2642
2644
2646
2648
2650
2652
2654
2656
2659
2661
2663
2665
2667
2669
2671
2673
2675
2678
2680
2682
2684
2686
2688
2691
2693
2696
2698
2700
2702
2704
2706
2708
2710
2712
2714
2716
2719
2721
2723
2725
2727
2729
2731
2733
2735
2737
2739
2741
2743
2745
2747
2749
2751
2753
2755
2757
2759
2761
2764
2766
2768
2770
2772
2774
2776
2778
2780
2782
2784
2786
2788
2790
2792
2794
2796
2799
2801
2803
2805
2807
2809
2811
2813
2816
2818
2820
2822
2824
2826
2828
2830
2833
2835
2837
2840
2842
2845
2847
2849
2851
2853
2855
2857
2859
2861
2863
2865
2868
2870
2872
2874
2876
2879
2881
2883
2885
2887
2889
2891
2893
2896
2898
2900
2902
2904
2906
2909
2911
2913
2915
2917
2919
2921
2923
2925
2927
2929
2931
2933
2935
2937
2939
2942
2944
2946
2948
2950
2952
2954
2956
2958
2960
2962
2964
2966
2968
2970
2973
2975
2977
2979
2981
2983
2985
2987
2990
2992
2995
2997
2999
3001
3003
3005
3007
3009
3011
3013
3015
3017
3019
3021
3024
3026
3029
3031
3033
3035
3038
3040
3042
3044
3046
3048
3050
3052
3054
3056
3059
3061
3063
3065
3067
3069
3072
3074
3077
3079
3082
3084
3086
3088
3091
3093
3095
3098
3100
3102
3104
3106
3108
3110
3112
3114
3116
3118
3120
3122
3124
3127
3129
3131
3133
3135
3137
3139
3141
3144
3146
3149
3151
3153
3155
3157
3159
3161
3163
3165
3167
3169
3172
3174
3177
3179
3181
3183
3186
3188
3190
3193
3195
3197
3200
3202
3204
3206
3208
3210
3212
3215
3217
3219
3221
3223
3226
3228
3230
3232
3234
3236
3238
3240
3242
3244
3246
3248
3250
3252
3254
3256
3259
3261
3263
3266
3268
3270
3272
3274
3276
3278
3280
3283
3285
3287
3289
3291
3293
3295
3297
3299
3301
3303
3305
3307
3309
3312
3314
3316
3318
3321
3323
3325
3327
3329
3331
3333
3335
3337
3339
3341
3343
3345
3348
3350
3352
3354
3356
3358
3360
3362
3364
3366
3368
3371
3373
3375
3377
3379
3381
3383
3385
3387
3389
3391
3393
3395
3397
3399
3401
3403
3406
3408
3410
3412
3414
3416
3418
3420
3422
3424
3426
3428
3430
3433
3435
3438
3440
3443
3445
3447
3449
3451
3453
3455
3457
3459
3461
3463
3465
3467
3469
3471
3473
3476
3478
3480
3482
3484
3487
3489
3491
3494
3496
3498
3500
3502
3504
3506
3508
3510
3512
3514
3516
3519
3521
3524
3526
3528
3530
3532
3535
3537
3539
3541
3543
3545
3547
3549
3551
3553
3555
3557
3559
3561
3563
3565
3567
3569
3571
3573
3575
3577
3579
3581
3583
3585
3587
3589
3591
3593
3595
3597
3599
3601
3603
3605
3607
3609
3611
3613
3615
3617
3619
3621
3623
3625
3627
3629
3631
3633
3635
3637
3639
3642
3644
3647
3649
3651
3653
3655
3657
3659
3661
3663
3665
3667
3669
3671
3673
3675
3677
3679
3681
3684
3686
3688
3690
3692
3695
3697
3700
3702
3704
3706
3708
3710
3712
3714
3716
3718
3720
3722
3725
3727
3729
3731
3733
3735
3737
3739
3741
3743
3745
3747
3749
3751
3754
3756
3758
3760
3762
3764
3766
3768
3770
3772
3774
3776
3778
3781
3783
3785
3787
3789
3791
3794
3796
3798
3800
3802
3804
3806
3809
3811
3813
3815
3817
3819
3822
3824
3826
3829
3831
3833
3835
3837
3839
3841
3843
3845
3847
3849
3851
3853
3855
3857
3859
3862
3864
3866
3868
3871
3873
3875
3877
3879
3881
3884
3886
3888
3890
3892
3894
3897
3899
3901
3903
3906
3908
3910
3913
3915
3917
3920
3922
3925
3927
3929
3931
3933
3935
3937
3939
3941
3944
3946
3949
3951
3953
3955
3957
3959
3961
3963
3965
3967
3969
3971
3973
3975
3977
3980
3982
3984
3986
3988
3990
3992
3994
3996
3998
4000
4002
4004
4006
4008
4010
4012
4014
4016
4018
4020
4022
4024
4027
4029
4031
4033
4035
4037
4039
4041
4043
4045
4047
4049
4051
4053
4055
4058
4060
4062
4064
4066
4068
4070
4072
4074
4076
4078
4080
4082
4084
4086
4088
4090
4092
4094
4096
4098
4100
4102
4104
4106
4108
4110
4112
4115
4117
4119
4121
4123
4125
4127
4129
4132
4134
4137
4139
4141
4143
4145
4147
4149
4151
4153
4155
4157
4159
4161
4163
4165
4167
4169
4171
4173
4175
4177
4180
4182
4184
4186
4188
4190
4192
4194
4196
4198
4200
4202
4204
4206
4208
4210
4212
4214
4216
4218
4220
4222
4224
4227
4229
4231
4234
4236
4238
4240
4242
4245
4247
4249
4252
4254
4256
4258
4260
4262
4264
4266
4268
4270
4272
4274
4276
4278
4280
4282
4284
4286
4288
4290
4293
4295
4297
4299
4302
4304
4306
4308
4310
4312
4314
4316
4318
4320
4322
4325
4327
4330
4332
4334
4336
4338
4340
4342
4345
4347
4349
4351
4353
4355
4357
4359
4361
4363
4365
4368
4370
4372
4374
4376
4378
4380
4382
4384
4387
4389
4391
4393
4395
4397
4399
4402
4404
4406
4409
4411
4414
4416
4418
4420
4422
4424
4426
4428
4431
4433
4435
4437
4439
4441
4443
4445
4447
4449
4451
4453
4455
4458
4460
4462
4465
4467
4470
4472
4474
4476
4478
4480
4482
4484
4486
4488
4490
4492
4494
4496
4498
4500
4503
4505
4507
4509
4511
4513
4515
4517
4519
4522
4524
4526
4528
4531
4533
4535
4537
4539
4541
4544
4546
4548
4550
4552
4555
4557
4559
4561
4563
4565
4567
4569
4571
4573
4575
4577
4579
4581
4583
4586
4588
4590
4592
4594
4596
4598
4600
4603
4605
4607
4610
4612
4615
4617
4619
4622
4624
4626
4628
4630
4632
4634
4636
4638
4640
4643
4645
4647
4649
4651
4654
4656
4659
4661
4663
4666
4668
4670
4672
4674
4676
4679
4681
4683
4686
4688
4690
4692
4694
4697
4699
4701
4703
4705
4707
4709
4712
4714
4716
4718
4720
4723
4725
4727
4729
4731
4733
4735
4737
4740
4742
4744
4746
4748
4750
4752
4754
4756
4758
4760
4762
4764
4766
4768
4770
4772
4774
4776
4779
4781
4783
4785
4787
4789
4791
4793
4796
4798
4800
4802
4804
4806
4808
4810
4812
4814
4816
4818
4820
4823
4825
4827
4830
4832
4834
4836
4838
4840
4842
4844
4846
4848
4850
4852
4854
4856
4858
4861
4863
4865
4867
4869
4871
4873
4876
4878
4880
4883
4885
4887
4889
4891
4893
4895
4898
4900
4902
4904
4906
4908
4910
4912
4914
4916
4919
4921
4923
4925
4927
4929
4931
4933
4935
4937
4939
4941
4943
4945
4947
4949
4951
4953
4955
4957
4959
4961
4964
4966
4968
4970
4972
4974
4976
4978
4980
4982
4984
4986
4988
4990
4992
4994
4996
4999
5001
5004
5006
5009
5011
5013
5016
5018
5020
5022
5024
5026
5028
5030
5032
5035
5037
5039
5041
5043
5045
5048
5050
5053
5055
5058
5060
5062
5064
5066
5068
5070
5072
5074
5076
5079
5081
5083
5085
5087
5089
5092
5094
5096
5098
5100
5102
5104
5106
5108
5110
5112
5114
5116
5118
5120
5122
5124
5126
5128
5130
5132
5134
5137
5139
5141
5144
5146
5148
5150
5152
5154
5156
5158
5161
5163
5165
5167
5169
5171
5173
5175
5177
5179
5181
5184
5186
5189
5191
5193
5195
5197
5199
5201
5203
5205
5207
5209
5211
5213
5215
5217
5219
5221
5223
5226
5228
5230
5233
5235
5237
5239
5241
5243
5245
5248
5250
5252
5254
5256
5258
5260
5263
5265
5267
5269
5271
5273
5276
5278
5281
5283
5286
5288
5290
5292
5294
5296
5298
5300
5303
5305
5307
5309
5311
5313
5315
5318
5320
5322
5324
5327
5329
5331
5334
5336
5338
5340
5342
5344
5346
5349
5351
5353
5356
5358
5360
5363
5365
5367
5369
5371
5373
5375
5377
5379
5381
5383
5385
5387
5389
5391
5393
5395
5397
5399
5401
5403
5405
5407
5410
5412
5414
5416
5419
5421
5423
5425
5428
5430
5432
5434
5436
5438
5440
5442
5444
5446
5448
5450
5452
5454
5456
5458
5460
5462
5465
5467
5469
5471
5473
5476
5478
5481
5483
5485
5487
5489
5491
5493
5495
5498
5500
5502
5504
5506
5508
5510
5513
5515
5517
5519
5521
5523
5525
5527
5529
5531
5533
5535
5537
5539
5541
5543
5545
5547
5549
5551
5553
5555
5557
5559
5561
5563
5565
5567
5569
5571
5573
5575
5577
5579
5581
5583
5585
5587
5590
5592
5594
5596
5598
5600
5602
5604
5606
5608
5610
5612
5615
5617
5619
5621
5623
5625
5627
5629
5631
5634
5636
5638
5640
5642
5644
5646
5648
5650
5652
5654
5657
5659
5661
5663
5665
5667
5669
5671
5673
5675
5677
5679
5681
5683
5685
5687
5689
5691
5693
5695
5697
5700
5702
5704
5706
5708
5710
5712
5714
5716
5719
5721
5723
5725
5727
5730
5732
5734
5737
5739
5741
5743
5745
5747
5749
5751
5753
5755
5758
5760
5762
5764
5766
5768
5770
5773
5775
5777
5779
5781
5784
5786
5789
5791
5794
5796
5798
5800
5802
5804
5806
5808
5811
5813
5816
5818
5820
5823
5825
5827
5829
5831
5833
5835
5838
5840
5842
5845
5847
5849
5851
5853
5855
5857
5859
5862
5864
5866
5869
5871
5873
5875
5877
5879
5881
5884
5886
5888
5890
5893
5895
5897
5899
5901
5903
5905
5907
5909
5911
5913
5915
5918
5920
5922
5924
5926
5928
5930
5932
5934
5937
5939
5941
5943
5945
5947
5949
5951
5953
5955
5957
5959
5961
5963
5965
5967
5969
5971
5973
5975
5977
5979
5981
5984
5986
5989
5991
5993
5995
5997
5999
6001
6003
6005
6007
6009
6011
6013
6015
6017
6019
6021
6023
6025
6027
6029
6032
6034
6036
6038
6040
6042
6044
6046
6048
6050
6052
6054
6056
6058
6060
6062
6064
6066
6069
6071
6073
6075
6077
6079
6081
6083
6085
6087
6089
6091
6094
6096
6098
6100
6102
6104
6106
6109
6111
6114
6116
6118
6120
6122
6124
6126
6128
6130
6132
6134
6136
6138
6140
6142
6144
6146
6148
6150
6153
6155
6157
6159
6161
6163
6166
6168
6170
6173
6175
6177
6179
6181
6183
6186
6188
6190
6192
6194
6196
6198
6200
6202
6204
6206
6209
6211
6214
6216
6218
6220
6222
6224
6226
6228
6230
6232
6234
6237
6239
6241
6243
6245
6247
6250
6252
6254
6256
6258
6260
6262
6264
6266
6268
6270
6273
6275
6277
6280
6282
6284
6286
6288
6290
6292
6294
6296
6299
6301
6303
6305
6307
6309
6311
6313
6315
6318
6320
6322
6324
6326
6328
6330
6332
6334
6336
6338
6340
6342
6345
6347
6349
6352
6354
6356
6358
6360
6362
6364
6366
6368
6370
6372
6374
6376
6378
6380
6382
6384
6387
6389
6391
6394
6396
6398
6400
6402
6405
6407
6409
6411
6413
6415
6417
6419
6421
6423
6426
6428
6430
6433
6435
6437
6439
6441
6443
6446
6448
6450
6452
6454
6456
6458
6460
6462
6464
6466
6469
6471
6473
6475
6477
6479
6481
6483
6485
6488
6490
6492
6494
6496
6498
6500
6502
6504
6507
6509
6511
6513
6515
6517
6519
6521
6523
6525
6528
6530
6532
6534
6536
6538
6540
6542
6544
6546
6549
6551
6553
6555
6557
6559
6561
6563
6565
6567
6569
6571
6573
6575
6577
6579
6581
6584
6586
6588
6590
6592
6595
6597
6599
6601
6603
6606
6608
6610
6612
6614
6616
6618
6620
6622
6624
6626
6628
6630
6632
6634
6636
6638
6640
6642
6644
6647
6649
6651
6653
6655
6657
6659
6661
6663
6665
6667
6669
6671
6674
6676
6678
6680
6682
6684
6686
6688
6690
6692
6694
6696
6698
6700
6702
6704
6706
6708
6710
6712
6714
6716
6719
6721
6723
6725
6727
6729
6731
6733
6735
6737
6739
6741
6743
6745
6748
6750
6753
6755
6758
6760
6762
6764
6766
6768
6771
6773
6775
6777
6779
6781
6783
6785
6787
6789
6791
6793
6795
6797
6799
6801
6803
6805
6807
6809
6812
6814
6816
6818
6820
6822
6824
6826
6828
6831
6833
6835
6837
6840
6842
6844
6846
6848
6850
6852
6855
6857
6859
6861
6863
6866
6868
6871
6873
6875
6877
6879
6881
6884
6886
6888
6890
6892
6894
6896
6898
6900
6902
6904
6906
6908
6910
6912
6914
6916
6918
6920
6922
6924
6926
6928
6930
6932
6934
6936
6938
6941
6943
6945
6947
6949
6951
6953
6955
6957
6959
6961
6963
6965
6967
6969
6971
6974
6976
6978
6980
6982
6984
6986
6988
6990
6992
6994
6996
6998
7000
7002
7004
7006
7008
7010
7012
7014
7017
7019
7021
7023
7025
7027
7029
7031
7033
7035
7037
7039
7041
7043
7045
7048
7050
7052
7054
7056
7058
7060
7062
7064
7066
7068
7070
7072
7074
7076
7078
7080
7083
7085
7087
7089
7091
7093
7096
7098
7101
7103
7105
7107
7109
7111
7113
7115
7117
7119
7122
7124
7126
7128
7130
7132
7134
7137
7139
7142
7144
7146
7148
7150
7152
7154
7157
7159
7161
7163
7165
7167
7170
7172
7174
7177
7179
7181
7183
7186
7188
7190
7192
7194
7196
7198
7200
7202
7204
7206
7208
7210
7212
7214
7216
7218
7221
7223
7226
7228
7230
7233
7235
7238
7240
7242
7244
7247
7249
7251
7253
7255
7257
7259
7261
7263
7265
7267
7269
7272
7274
7276
7278
7281
7283
7285
7287
7289
7291
7293
7295
7297
7300
7302
7304
7306
7308
7310
7312
7314
7316
7318
7320
7322
7324
7326
7329
7331
7333
7335
7337
7339
7341
7343
7345
7347
7349
7352
7354
7356
7359
7361
7363
7365
7367
7370
7372
7374
7376
7378
7380
7383
7385
7387
7389
7391
7393
7395
7397
7399
7401
7403
7405
7407
7409
7412
7414
7416
7418
7420
7422
7424
7426
7429
7431
7433
7435
7437
7439
7441
7443
7445
7447
7449
7451
7454
7456
7459
7461
7463
7465
7467
7469
7471
7473
7475
7477
7479
7481
7483
7485
7487
7489
7491
7493
7496
7498
7500
7502
7504
7506
7509
7511
7513
7515
7518
7520
7523
7525
7528
7530
7532
7534
7536
7538
7540
7542
7544
7547
7549
7551
7554
7556
7558
7560
7562
7564
7566
7568
7570
7572
7574
7576
7578
7580
7583
7585
7587
7589
7591
7593
7595
7597
7599
7601
7604
7606
7608
7611
7613
7616
7618
7620
7622
7624
7626
7628
7630
7632
7634
7636
7638
7640
7643
7645
7648
7650
7652
7654
7656
7658
7660
7662
7664
7666
7668
7670
7672
7674
7676
7678
7680
7683
7685
7687
7689
7691
7693
7695
7697
7699
7701
7703
7706
7708
7710
7712
7714
7716
7718
7720
7722
7724
7726
7729
7731
7733
7735
7737
7739
7741
7743
7745
7747
7749
7751
7753
7755
7757
7759
7761
7764
7766
7768
7770
7772
7774
7776
7778
7780
7782
7784
7786
7788
7790
7792
7794
7796
7798
7801
7803
7805
7807
7809
7811
7813
7815
7817
7819
7821
7823
7825
7827
7829
7831
7833
7835
7837
7839
7841
7843
7845
7847
7849
7851
7853
7855
7857
7859
7861
7863
7865
7867
7869
7871
7874
7876
7878
7880
7882
7884
7886
7888
7891
7893
7895
7897
7899
7901
7903
7905
7907
7909
7911
7914
7916
7918
7920
7923
7925
7927
7929
7931
7933
7935
7938
7940
7942
7944
7946
7948
7950
7952
7954
7956
7958
7960
7962
7965
7967
7969
7971
7973
7975
7977
7979
7981
7983
7985
7987
7989
7991
7993
7995
7997
7999
8001
8004
8006
8009
8011
8013
8015
8017
8019
8021
8023
8025
8027
8029
8031
8033
8035
8037
8039
8041
8043
8045
8047
8050
8052
8054
8056
8058
8060
8063
8065
8067
8069
8071
8073
8075
8077
8079
8081
8083
8085
8087
8089
8091
8093
8096
8098
8100
8102
8104
8107
8109
8111
8113
8115
8117
8119
8122
8124
8126
8128
8130
8132
8134
8136
8138
8140
8142
8144
8146
8148
8150
8152
8154
8156
8158
8160
8162
8164
8166
8168
8170
8172
8174
8176
8178
8180
8182
8184
8187
8189
8191
8193
8195
8197
8199
8201
8203
8205
8207
8209
8211
8213
8215
8217
8219
8221
8223
8225
8227
8230
8232
8234
8236
8238
8240
8242
8244
8246
8248
8250
8252
8255
8257
8259
8261
8264
8266
8268
8270
8272
8274
8276
8278
8280
8283
8285
8287
8290
8292
8294
8296
8298
8300
8302
8304
8306
8308
8310
8312
8314
8317
8319
8321
8323
8325
8327
8330
8332
8334
8336
8339
8341
8343
8345
8347
8349
8351
8353
8355
8357
8359
8362
8364
8366
8368
8370
8372
8374
8376
8378
8380
8382
8384
8386
8388
8390
8392
8394
8396
8398
8400
8402
8404
8406
8408
8410
8413
8415
8417
8419
8422
8424
8426
8428
8430
8432
8434
8436
8438
8440
8442
8444
8446
8448
8450
8452
8454
8456
8458
8461
8463
8465
8467
8469
8471
8473
8475
8477
8479
8481
8483
8485
8487
8489
8491
8493
8495
8497
8499
8501
8503
8506
8508
8510
8513
8515
8517
8519
8521
8523
8525
8527
8530
8532
8534
8536
8538
8540
8542
8544
8546
8548
8550
8552
8554
8556
8558
8560
8563
8565
8567
8569
8571
8574
8576
8578
8580
8582
8584
8586
8588
8590
8592
8594
8597
8599
8601
8603
8605
8607
8609
8611
8613
8615
8617
8619
8621
8623
8625
8627
8629
8631
8633
8636
8638
8640
8642
8644
8646
8648
8650
8652
8655
8657
8659
8661
8663
8665
8667
8669
8671
8674
8676
8679
8681
8683
8685
8687
8689
8691
8693
8695
8697
8699
8701
8703
8705
8707
8709
8711
8714
8716
8718
8720
8722
8724
8726
8728
8730
8732
8734
8737
8739
8741
8743
8745
8747
8749
8751
8753
8755
8757
8759
8761
8763
8765
8768
8770
8772
8774
8776
8778
8780
8782
8785
8787
8789
8791
8793
8795
8798
8800
8802
8804
8806
8808
8810
8812
8814
8816
8818
8820
8822
8824
8826
8828
8830
8833
8835
8837
8839
8841
8843
8845
8847
8850
8852
8855
8857
8859
8862
8864
8867
8869
8872
8874
8877
8879
8881
8884
8886
8889
8891
8894
8896
8898
8900
8902
8904
8907
8909
8911
8913
8915
8917
8919
8921
8923
8925
8927
8929
8931
8933
8935
8937
8939
8941
8943
8945
8947
8949
8952
8954
8956
8958
8960
8962
8965
8967
8970
8972
8974
8976
8979
8981
8983
8985
8987
8989
8991
8993
8995
8997
8999
9001
9003
9006
9008
9010
9012
9014
9016
9018
9021
9023
9025
9027
9030
9032
9034
9037
9039
9041
9043
9045
9047
9049
9051
9053
9055
9057
9060
9062
9064
9066
9068
9070
9072
9074
9076
9078
9080
9082
9084
9086
9088
9090
9092
9094
9096
9099
9101
9103
9105
9107
9109
9111
9113
9115
9117
9119
9121
9123
9125
9127
9129
9131
9133
9135
9137
9139
9141
9143
9145
9147
9149
9151
9153
9155
9157
9159
9161
9163
9165
9167
9169
9172
9174
9177
9179
9182
9184
9186
9188
9190
9192
9194
9196
9198
9201
9203
9205
9207
9209
9211
9213
9215
9217
9220
9222
9224
9226
9228
9230
9232
9234
9236
9238
9240
9242
9244
9246
9248
9250
9253
9255
9257
9259
9261
9263
9265
9267
9269
9271
9273
9275
9277
9279
9281
9283
9285
9288
9290
9292
9294
9296
9298
9300
9302
9304
9306
9308
9310
9312
9314
9316
9318
9320
9322
9324
9326
9328
9330
9333
9335
9337
9339
9341
9343
9345
9347
9349
9351
9354
9356
9358
9360
9362
9364
9367
9369
9371
9373
9375
9377
9379
9381
9383
9385
9387
9389
9392
9394
9396
9398
9400
9402
9404
9406
9408
9411
9413
9416
9418
9420
9422
9424
9426
9428
9430
9432
9434
9436
9438
9440
9442
9444
9446
9448
9450
9453
9455
9457
9459
9461
9463
9465
9467
9469
9471
9473
9475
9477
9479
9482
9484
9486
9488
9490
9493
9495
9497
9499
9502
9504
9506
9508
9510
9512
9514
9516
9518
9520
9522
9525
9527
9529
9532
9534
9536
9538
9540
9543
9545
9547
9549
9551
9554
9556
9559
9561
9563
9565
9567
9570
9572
9574
9576
9578
9580
9582
9584
9586
9588
9590
9592
9594
9596
9598
9600
9602
9604
9606
9608
9611
9613
9615
9618
9620
9622
9624
9627
9629
9631
9634
9636
9638
9640
9642
9644
9646
9648
9650
9652
9654
9656
9659
9661
9663
9665
9668
9670
9672
9674
9676
9678
9680
9682
9684
9686
9688
9690
9692
9694
9696
9698
9701
9703
9706
9708
9711
9713
9715
9717
9719
9721
9723
9725
9728
9730
9732
9734
9736
9738
9740
9742
9744
9746
9748
9750
9752
9754
9756
9759
9761
9763
9765
9767
9769
9771
9773
9776
9778
9780
9782
9784
9786
9788
9790
9792
9794
9796
9798
9800
9802
9805
9807
9809
9811
9813
9815
9817
9819
9821
9823
9825
9827
9829
9831
9833
9835
9838
9840
9842
9844
9846
9848
9851
9853
9855
9858
9860
9862
9865
9867
9869
9871
9874
9876
9878
9880
9882
9884
9887
9889
9891
9893
9895
9897
9899
9901
9904
9906
9908
9910
9912
9914
9917
9919
9921
9923
9925
9928
9930
9933
9935
9937
9939
9941
9943
9945
9947
9949
9951
9953
9955
9957
9959
9961
9964
9966
9968
9970
9973
9975
9977
9979
9981
9983
9985
9987
9989
9991
9993
9995
9997
9999
10001
10003
10005
10007
10010
10012
10014
10016
10018
10020
10023
10025
10027
10029
10031
10033
10035
10037
10039
10041
10043
10045
10047
10049
10052
10054
10056
10059
10061
10063
10065
10068
10070
10072
10075
10077
10079
10082
10084
10086
10088
10090
10092
10095
10097
10099
10101
10103
10105
10107
10109
10111
10113
10115
10117
10119
10121
10123
10125
10127
10129
10132
10134
10136
10138
10140
10142
10144
10146
10149
10151
10153
10155
10157
10160
10162
10165
10167
10169
10171
10173
10175
10177
10179
10181
10183
10185
10187
10189
10191
10193
10195
10197
10199
10201
10204
10206
10208
10210
10212
10215
10217
10219
10221
10223
10225
10227
10229
10231
10233
10235
10237
10239
10241
10243
10245
10247
10249
10252
10254
10256
10258
10260
10262
10264
10267
10269
10271
10273
10275
10277
10279
10281
10284
10286
10289
10291
10293
10295
10297
10299
10301
10303
10305
10308
10310
10312
10314
10316
10318
10321
10323
10325
10327
10329
10331
10333
10335
10337
10339
10341
10344
10346
10348
10350
10352
10354
10356
10358
10360
10362
10364
10366
10368
10370
10372
10374
10376
10378
10381
10383
10386
10388
10390
10392
10394
10396
10398
10400
10402
10404
10406
10408
10410
10412
10414
10416
10418
10420
10422
10424
10426
10429
10431
10433
10435
10437
10439
10441
10443
10445
10447
10449
10451
10454
10456
10458
10460
10462
10464
10466
10468
10470
10472
10474
10477
10479
10481
10483
10485
10487
10489
10491
10494
10496
10499
10501
10503
10505
10508
10510
10512
10515
10517
10519
10521
10523
10525
10527
10529
10531
10533
10535
10537
10539
10541
10544
10546
10548
10550
10552
10554
10556
10558
10561
10563
10565
10567
10569
10571
10573
10575
10577
10579
10581
10583
10586
10588
10590
10592
10594
10596
10598
10600
10602
10604
10606
10608
10610
10612
10614
10616
10618
10620
10622
10624
10626
10628
10630
10632
10635
10637
10640
10642
10644
10646
10648
10650
10652
10654
10656
10658
10660
10662
10664
10666
10668
10670
10672
10675
10677
10679
10681
10683
10685
10687
10689
10691
10693
10695
10697
10699
10701
10703
10705
10707
10709
10711
10714
10716
10719
10721
10723
10726
10728
10730
10732
10734
10736
10738
10740
10743
10745
10747
10749
10751
10753
10756
10758
10761
10763
10765
10767
10769
10771
10773
10776
10778
10781
10783
10785
10788
10790
10792
10794
10796
10799
10801
10803
10805
10807
10809
10811
10813
10815
10817
10819
10821
10823
10826
10828
10831
10833
10835
10838
10840
10842
10845
10847
10849
10851
10853
10855
10858
10860
10862
10865
10867
10869
10871
10874
10876
10878
10880
10882
10884
10886
10888
10890
10893
10895
10897
10899
10901
10903
10905
10907
10909
10912
10914
10917
10919
10921
10923
10925
10927
10929
10931
10933
10936
10938
10940
10942
10944
10946
10948
10951
10953
10955
10957
10959
10961
10963
10965
10967
10969
10971
10973
10975
10977
10979
10981
10983
10986
10988
10990
10993
10995
10997
10999
11001
11003
11005
11007
11009
11011
11013
11015
11017
11019
11021
11023
11025
11027
11029
11031
11033
11035
11037
11039
11041
11043
11045
11048
11050
11052
11054
11056
11058
11060
11062
11064
11066
11068
11070
11072
11074
11076
11078
11080
11082
11084
11086
11088
11090
11092
11095
11097
11099
11101
11103
11106
11108
11110
11112
11114
11116
11119
11121
11123
11126
11128
11130
11132
11134
11136
11138
11140
11142
11144
11146
11148
11151
11153
11155
11157
11159
11161
11163
11165
11167
11169
11171
11173
11175
11177
11179
11181
11183
11185
11187
11189
11191
11193
11195
11197
11199
11201
11203
11205
11207
11209
11211
11213
11215
11218
11220
11222
11224
11226
11228
11230
11232
11234
11236
11238
11240
11242
11244
11246
11248
11250
11252
11254
11256
11258
11260
11262
11264
11266
11269
11271
11273
11275
11277
11279
11281
11284
11286
11288
11290
11292
11294
11296
11298
11300
11302
11305
11307
11309
11311
11313
11315
11317
11320
11322
11325
11327
11329
11331
11333
11335
11338
11340
11342
11344
11346
11348
11350
11352
11355
11357
11359
11361
11363
11365
11367
11369
11371
11373
11375
11377
11380
11382
11384
11386
11388
11390
11392
11394
11396
11398
11400
11402
11404
11406
11408
11410
11412
11414
11416
11418
11420
11423
11425
11427
11430
11432
11435
11437
11439
11441
11443
11446
11448
11451
11453
11456
11458
11460
11462
11464
11466
11468
11470
11472
11474
11476
11479
11481
11483
11485
11487
11489
11491
11493
11495
11497
11499
11501
11503
11506
11508
11510
11512
11514
11516
11518
11520
11522
11524
11526
11528
11530
11532
11534
11536
11538
11540
11542
11544
11547
11549
11551
11553
11555
11557
11559
11562
11564
11566
11568
11571
11573
11575
11577
11579
11581
11583
11585
11587
11589
11591
11593
11595
11597
11599
11601
11603
11605
11608
11610
11612
11614
11616
11618
11620
11622
11624
11626
11628
11630
11632
11634
11636
11638
11640
11643
11645
11647
11649
11651
11654
11656
11659
11661
11663
11665
11667
11669
11671
11673
11675
11678
11680
11682
11684
11686
11689
11691
11693
11695
11697
11700
11702
11704
11706
11708
11710
11712
11714
11716
11718
11720
11722
11724
11726
11728
11730
11732
11734
11736
11738
11740
11742
11744
11746
11748
11750
11753
11755
11758
11760
11762
11764
11766
11768
11770
11772
11774
11777
11779
11781
11783
11785
11787
11790
11792
11794
11796
11798
11800
11803
11805
11807
11809
11811
11813
11815
11817
11820
11822
11824
11826
11828
11831
11833
11835
11837
11839
11841
11843
11845
11848
11850
11852
11854
11857
11859
11861
11863
11865
11867
11869
11871
11873
11875
11877
11879
11881
11883
11885
11887
11889
11891
11893
11895
11898
11900
11902
11904
11906
11909
11911
11913
11915
11918
11920
11922
11924
11926
11928
11931
11933
11936
11938
11940
11942
11945
11947
11949
11951
11953
11955
11957
11959
11961
11963
11965
11967
11969
11971
11973
11975
11978
11980
11982
11984
11986
11988
11990
11992
11994
11996
11998
12000
12002
12004
12006
12008
12010
12012
12014
12016
12018
12020
12022
12024
12026
12028
12030
12032
12034
12036
12038
12040
12042
12044
12046
12049
12051
12053
12055
12058
12060
12062
12064
12066
12068
12070
12072
12074
12076
12078
12080
12083
12085
12087
12089
12091
12094
12096
12098
12100
12102
12104
12106
12108
12110
12113
12115
12117
12119
12121
12123
12125
12128
12130
12132
12134
12136
12138
12140
12142
12144
12147
12149
12152
12154
12156
12158
12160
12162
12165
12167
12169
12171
12174
12176
12179
12181
12183
12186
12188
12190
12192
12194
12196
12198
12200
12202
12205
12207
12209
12212
12214
12216
12218
12220
12222
12224
12226
12228
12230
12232
12234
12237
12239
12241
12243
12245
12247
12249
12251
12254
12256
12258
12260
12262
12264
12267
12269
12272
12274
12276
12278
12280
12282
12285
12287
12289
12291
12293
12295
12297
12299
12301
12303
12305
12308
12310
12312
12314
12316
12318
12320
12322
12324
12326
12328
12330
12332
12334
12337
12339
12341
12343
12345
12347
12349
12351
12353
12355
12357
12359
12361
12364
12366
12368
12370
12372
12374
12376
12378
12380
12382
12384
12386
12388
12390
12392
12395
12397
12399
12401
12403
12405
12407
12409
12411
12413
12415
12417
12420
12422
12424
12426
12428
12430
12432
12434
12436
12438
12440
12442
12445
12447
12449
12451
12453
12455
12458
12460
12462
12464
12466
12469
12471
12474
12476
12478
12480
12482
12484
12486
12488
12490
12492
12495
12497
12499
12501
12504
12506
12508
12510
12512
12515
12517
12519
12521
12524
12526
12528
12530
12532
12534
12536
12538
12540
12542
12544
12547
12549
12551
12553
12555
12557
12559
12561
12563
12565
12568
12570
12572
12574
12576
12578
12581
12583
12586
12588
12590
12592
12594
12596
12598
12600
12602
12604
12606
12608
12610
12612
12614
12616
12618
12620
12623
12625
12627
12629
12631
12633
12635
12637
12639
12641
12643
12646
12648
12650
12652
12654
12656
12659
12661
12663
12665
12667
12669
12672
12674
12676
12679
12681
12684
12686
12688
12690
12692
12695
12697
12699
12701
12704
12706
12708
12710
12712
12714
12716
12718
12720
12723
12725
12727
12729
12731
12733
12735
12737
12739
12741
12743
12745
12747
12749
12751
12753
12755
12757
12759
12761
12763
12765
12767
12770
12772
12774
12776
12778
12780
12782
12784
12786
12788
12791
12793
12795
12797
12800
12802
12804
12806
12808
12810
12812
12814
12816
12818
12820
12823
12825
12827
12829
12831
12833
12835
12837
12840
12842
12844
12846
12848
12850
12852
12854
12856
12858
12860
12863
12865
12867
12869
12871
12873
12875
12877
12879
12881
12884
12886
12888
12890
12892
12894
12896
12898
12900
12902
12904
12906
12908
12910
12913
12915
12917
12919
12921
12923
12925
12927
12929
12931
12933
12935
12937
12939
12941
12944
12946
12948
12950
12952
12954
12956
12958
12961
12963
12965
12967
12969
12971
12973
12975
12977
12979
12981
12983
12985
12987
12989
12992
12994
12996
12998
13000
13002
13004
13006
13008
13010
13012
13014
13016
13018
13020
13022
13024
13026
13028
13030
13032
13034
13036
13038
13040
13042
13044
13046
13048
13050
13052
13054
13056
13058
13060
13062
13065
13067
13069
13071
13073
13075
13077
13079
13081
13084
13086
13088
13090
13092
13094
13096
13098
13100
13103
13105
13107
13109
13111
13113
13115
13117
13119
13121
13123
13125
13127
13129
13131
13133
13135
13137
13139
13141
13143
13145
13147
13150
13152
13154
13157
13159
13161
13164
13166
13169
13171
13173
13175
13177
13179
13181
13183
13185
13187
13190
13192
13195
13197
13200
13202
13205
13207
13209
13211
13214
13216
13218
13220
13222
13224
13226
13229
13231
13233
13236
13238
13240
13242
13244
13246
13248
13250
13252
13254
13257
13259
13261
13263
13265
13267
13270
13272
13274
13276
13279
13281
13283
13285
13287
13290
13292
13294
13296
13298
13300
13302
13304
13306
13308
13310
13312
13314
13316
13318
13320
13322
13324
13326
13328
13330
13332
13334
13336
13339
13341
13343
13345
13348
13350
13352
13355
13357
13360
13362
13364
13366
13368
13370
13372
13374
13376
13378
13380
13382
13384
13386
13388
13390
13392
13394
13396
13398
13400
13402
13404
13406
13408
13410
13412
13414
13416
13418
13420
13422
13424
13427
13429
13432
13434
13436
13438
13440
13442
13444
13446
13448
13450
13452
13454
13456
13458
13460
13462
13464
13466
13469
13471
13474
13476
13479
13481
13483
13485
13487
13489
13492
13494
13496
13498
13500
13503
13505
13507
13509
13511
13513
13515
13517
13519
13521
13523
13525
13527
13529
13531
13533
13535
13537
13539
13542
13544
13547
13549
13551
13553
13555
13557
13559
13561
13563
13565
13567
13569
13571
13573
13575
13577
13580
13582
13584
13586
13589
13591
13593
13596
13598
13600
13602
13604
13606
13608
13611
13613
13615
13617
13619
13621
13623
13625
13627
13629
13631
13633
13635
13637
13639
13641
13644
13646
13649
13651
13653
13655
13657
13659
13661
13663
13665
13667
13669
13671
13673
13675
13677
13679
13681
13684
13686
13688
13690
13692
13694
13696
13698
13700
13702
13704
13706
13708
13710
13712
13714
13716
13718
13720
13722
13724
13726
13728
13730
13732
13734
13736
13738
13740
13743
13745
13747
13749
13751
13753
13755
13757
13759
13761
13763
13765
13767
13769
13771
13774
13776
13778
13780
13782
13785
13787
13789
13791
13793
13796
13798
13800
13802
13804
13806
13808
13810
13812
13814
13817
13819
13821
13823
13825
13827
13830
13832
13834
13836
13838
13840
13842
13844
13847
13849
13851
13853
13855
13858
13860
13862
13864
13866
13868
13870
13872
13875
13877
13879
13881
13883
13886
13888
13891
13893
13895
13897
13899
13901
13903
13905
13907
13909
13911
13913
13915
13917
13920
13922
13925
13927
13929
13931
13933
13935
13937
13939
13942
13944
13946
13948
13950
13952
13954
13956
13958
13960
13962
13965
13967
13969
13971
13973
13975
13978
13980
13982
13984
13986
13988
13990
13992
13994
13996
13998
14000
14002
14004
14006
14008
14010
14012
14014
14016
14018
14020
14022
14024
14027
14029
14031
14034
14036
14038
14041
14043
14045
14047
14050
14052
14054
14056
14058
14060
14062
14065
14067
14069
14071
14074
14076
14078
14080
14082
14084
14086
14088
14090
14092
14094
14096
14098
14100
14102
14104
14106
14108
14111
14113
14115
14118
14120
14122
14124
14126
14129
14131
14133
14135
14138
14140
14142
14144
14146
14148
14150
14152
14155
14157
14159
14161
14163
14165
14167
14169
14172
14174
14176
14178
14180
14183
14185
14187
14189
14192
14194
14196
14198
14200
14202
14204
14206
14209
14211
14213
14215
14217
14219
14221
14223
14226
14228
14230
14232
14235
14237
14239
14241
14243
14245
14247
14249
14251
14253
14255
14257
14260
14262
14264
14266
14269
14271
14273
14275
14277
14280
14282
14284
14286
14288
14291
14293
14295
14297
14299
14302
14304
14306
14308
14310
14313
14315
14317
14319
14321
14323
14325
14327
14329
14331
14333
14335
14337
14339
14342
14344
14346
14348
14350
14352
14354
14356
14358
14360
14363
14365
14367
14369
14371
14374
14376
14378
14380
14382
14384
14386
14388
14390
14392
14394
14396
14398
14401
14403
14405
14408
14410
14412
14414
14417
14419
14422
14424
14427
14429
14431
14433
14435
14438
14440
14442
14444
14446
14448
14450
14452
14454
14456
14458
14460
14462
14464
14466
14468
14471
14473
14476
14478
14481
14483
14486
14488
14490
14493
14495
14497
14499
14501
14503
14505
14507
14510
14512
14515
14517
14519
14521
14523
14525
14527
14529
14531
14533
14535
14537
14539
14541
14543
14546
14548
14550
14553
14555
14558
14560
14562
14564
14567
14569
14571
14573
14575
14577
14579
14581
14583
14585
14587
14590
14592
14595
14597
14599
14601
14603
14605
14607
14609
14611
14613
14615
14617
14619
14621
14624
14626
14628
14630
14632
14634
14636
14639
14641
14643
14645
14648
14650
14652
14655
14657
14659
14661
14663
14665
14667
14670
14672
14674
14676
14678
14680
14682
14685
14687
14689
14691
14693
14695
14697
14699
14701
14704
14706
14708
14710
14712
14714
14716
14718
14720
14722
14724
14726
14728
14730
14732
14734
14737
14739
14741
14743
14745
14747
14750
14752
14754
14756
14758
14760
14762
14764
14766
14768
14770
14772
14774
14777
14779
14781
14783
14785
14787
14789
14791
14793
14795
14798
14800
14802
14804
14807
14809
14811
14813
14815
14818
14820
14822
14824
14826
14828
14831
14833
14835
14837
14839
14842
14844
14847
14849
14851
14853
14856
14858
14860
14862
14864
14866
14868
14870
14872
14875
14877
14879
14881
14883
14885
14887
14889
14891
14894
14896
14898
14900
14903
14905
14907
14909
14911
14913
14915
14917
14920
14922
14924
14927
14929
14932
14934
14936
14938
14940
14942
14944
14946
14948
14951
14953
14955
14957
14959
14961
14963
14965
14967
14969
14971
14973
14975
14977
14979
14981
14983
14985
14987
14990
14992
14995
14997
14999
15001
15003
15005
15007
15009
15011
15013
15015
15017
15019
15021
15023
15025
15027
15030
15032
15035
15037
15039
15041
15043
15045
15048
15050
15053
15055
15057
15059
15061
15063
15065
15067
15069
15071
15073
15075
15077
15079
15081
15083
15085
15087
15089
15091
15093
15096
15098
15100
15103
15105
15107
15109
15111
15113
15115
15117
15119
15121
15123
15125
15127
15129
15131
15133
15135
15137
15139
15141
15143
15145
15147
15149
15151
15154
15156
15158
15160
15162
15164
15166
15168
15170
15173
15175
15178
15180
15182
15184
15186
15188
15190
15192
15194
15196
15198
15200
15202
15204
15206
15208
15210
15212
15214
15216
15218
15220
15222
15224
15226
15228
15230
15232
15234
15237
15239
15241
15243
15245
15248
15250
15252
15254
15256
15258
15260
15262
15264
15266
15268
15270
15272
15274
15276
15278
15280
15282
15285
15287
15289
15291
15293
15295
15297
15299
15301
15303
15305
15307
15309
15311
15314
15316
15319
15321
15323
15325
15327
15330
15332
15334
15336
15339
15341
15343
15346
15348
15350
15352
15354
15356
15358
15360
15363
15365
15367
15369
15371
15373
15375
15377
15379
15381
15383
15385
15387
15390
15392
15394
15396
15398
15401
15403
15405
15408
15410
15412
15414
15416
15418
15421
15423
15425
15427
15429
15431
15433
15436
15438
15440
15442
15444
15446
15448
15450
15453
15455
15457
15459
15461
15463
15465
15467
15469
15471
15473
15475
15477
15479
15481
15484
15486
15489
15491
15494
15496
15499
15501
15503
15505
15507
15509
15511
15513
15515
15518
15520
15522
15524
15526
15528
15530
15532
15534
15537
15539
15541
15543
15545
15547
15549
15552
15554
15556
15558
15561
15563
15565
15567
15569
15572
15574
15576
15579
15581
15583
15585
15587
15589
15591
15594
15596
15598
15600
15602
15604
15606
15609
15611
15613
15615
15617
15619
15621
15623
15626
15628
15630
15633
15635
15638
15640
15643
15645
15647
15650
15652
15654
15656
15658
15660
15662
15664
15666
15668
15670
15672
15674
15676
15678
15680
15683
15685
15687
15689
15691
15693
15695
15697
15700
15702
15704
15706
15709
15711
15713
15715
15717
15719
15721
15723
15725
15727
15729
15731
15733
15736
15738
15740
15742
15744
15746
15748
15751
15753
15755
15757
15760
15762
15764
15766
15768
15770
15772
15774
15776
15778
15780
15782
15784
15787
15789
15791
15793
15795
15797
15799
15801
15803
15805
15807
15809
15812
15814
15816
15818
15820
15822
15824
15826
15828
15830
15832
15834
15836
15838
15840
15843
15845
15848
15850
15852
15854
15857
15859
15861
15863
15865
15867
15870
15872
15874
15876
15878
15880
15882
15884
15887
15889
15891
15893
15895
15897
15899
15901
15903
15906
15908
15910
15912
15914
15916
15918
15920
15922
15924
15927
15929
15931
15933
15936
15938
15941
15943
15946
15948
15951
15953
15956
15958
15960
15963
15965
15967
15970
15972
15974
15976
15978
15980
15982
15984
15986
15988
15990
15992
15994
15996
15999
16001
16003
16005
16008
16010
16012
16014
16016
16018
16020
16022
16025
16027
16029
16031
16033
16035
16037
16039
16041
16043
16045
16047
16049
16051
16053
16055
16057
16060
16062
16064
16066
16068
16070
16072
16074
16076
16078
16081
16083
16085
16087
16089
16091
16093
16095
16097
16099
16101
16103
16105
16107
16109
16112
16114
16116
16118
16120
16122
16124
16126
16128
16130
16132
16134
16137
16139
16141
16143
16145
16147
16149
16151
16153
16156
16158
16160
16162
16164
16166
16168
16170
16172
16174
16176
16178
16180
16183
16185
16187
16189
16191
16193
16195
16197
16199
16201
16203
16205
16207
16209
16212
16214
16216
16218
16220
16222
16224
16226
16228
16230
16232
16234
16236
16238
16240
16242
16244
16246
16248
16250
16252
16254
16257
16259
16261
16263
16265
16267
16269
16271
16273
16275
16277
16279
16282
16284
16286
16288
16290
16292
16295
16297
16299
16302
16304
16306
16308
16311
16313
16315
16317
16319
16321
16323
16325
16327
16330
16332
16334
16336
16338
16340
16342
16344
16346
16348
16350
16352
16354
16357
16359
16361
16363
16365
16367
16369
16371
16374
16376
16378
16380
16382
16384
16386
16388
16390
16392
16394
16396
16398
16400
16402
16404
16406
16408
16410
16413
16415
16417
16419
16421
16423
16425
16427
16429
16431
16433
16435
16437
16440
16442
16444
16446
16448
16450
16453
16455
16457
16459
16461
16463
16465
16467
16469
16471
16473
16475
16477
16479
16482
16484
16487
16489
16491
16493
16495
16497
16499
16501
16504
16506
16508
16510
16512
16514
16516
16518
16520
16522
16524
16526
16528
16530
16532
16534
16537
16539
16541
16543
16545
16547
16549
16552
16554
16556
16558
16560
16562
16564
16566
16568
16570
16572
16574
16576
16578
16580
16582
16584
16586
16588
16591
16593
16595
16597
16599
16601
16603
16605
16607
16610
16612
16615
16617
16619
16621
16623
16625
16628
16630
16632
16634
16636
16638
16640
16642
16645
16647
16649
16651
16653
16655
16657
16659
16661
16663
16665
16667
16669
16671
16673
16675
16677
16679
16681
16683
16685
16688
16690
16692
16694
16696
16698
16701
16703
16706
16708
16711
16713
16715
16717
16719
16721
16723
16725
16727
16729
16731
16734
16736
16739
16741
16743
16746
16748
16750
16752
16754
16756
16758
16760
16762
16764
16766
16768
16770
16772
16774
16776
16778
16780
16782
16784
16786
16788
16790
16792
16794
16797
16799
16801
16803
16805
16807
16809
16811
16813
16815
16817
16819
16821
16823
16825
16827
16829
16831
16833
16835
16838
16840
16843
16845
16847
16849
16851
16853
16855
16857
16859
16861
16863
16865
16867
16869
16871
16873
16875
16877
16880
16882
16884
16886
16888
16890
16892
16894
16896
16898
16900
16902
16904
16906
16909
16911
16913
16915
16917
16920
16922
16924
16926
16928
16930
16932
16934
16936
16938
16940
16942
16944
16947
16949
16951
16953
16955
16957
16959
16961
16963
16965
16967
16969
16971
16973
16975
16977
16979
16981
16984
16986
16988
16990
16992
16994
16997
16999
17001
17003
17005
17007
17010
17012
17014
17017
17019
17021
17023
17025
17028
17030
17032
17034
17036
17038
17040
17042
17044
17046
17048
17050
17053
17055
17057
17060
17062
17064
17066
17068
17070
17072
17074
17076
17078
17080
17083
17085
17087
17089
17091
17093
17095
17097
17099
17101
17104
17106
17108
17111
17113
17115
17117
17120
17122
17124
17127
17129
17132
17134
17136
17138
17140
17142
17145
17147
17149
17151
17153
17155
17158
17160
17162
17164
17167
17169
17171
17173
17175
17177
17179
17181
17183
17185
17187
17189
17191
17193
17195
17197
17200
17202
17204
17206
17208
17210
17212
17214
17216
17218
17220
17222
17224
17226
17228
17230
17232
17234
17236
17238
17240
17242
17245
17247
17249
17251
17253
17255
17258
17260
17262
17264
17266
17268
17270
17272
17274
17276
17279
17281
17284
17286
17288
17290
17292
17294
17296
17298
17300
17302
17304
17306
17308
17311
17313
17315
17317
17319
17321
17323
17325
17327
17329
17331
17333
17335
17337
17339
17342
17344
17347
17349
17351
17353
17355
17357
17360
17362
17365
17367
17369
17371
17373
17375
17377
17379
17382
17384
17386
17388
17390
17392
17394
17396
17398
17400
17402
17404
17406
17408
17410
17412
17414
17416
17418
17420
17422
17424
17426
17428
17431
17433
17435
17437
17439
17441
17444
17446
17448
17451
17453
17455
17458
17460
17462
17464
17466
17468
17470
17472
17474
17476
17478
17480
17482
17484
17486
17489
17491
17493
17495
17497
17499
17502
17504
17506
17508
17510
17512
17514
17516
17518
17521
17523
17525
17527
17529
17531
17533
17535
17538
17540
17542
17544
17546
17548
17550
17552
17554
17556
17558
17561
17563
17565
17567
17569
17571
17573
17576
17578
17580
17582
17584
17586
17588
17590
17592
17594
17597
17599
17601
17603
17606
17608
17610
17612
17615
17617
17619
17621
17623
17625
17627
17629
17631
17634
17636
17638
17640
17642
17644
17646
17648
17650
17652
17654
17656
17658
17660
17662
17664
17666
17668
17670
17673
17675
17677
17679
17681
17683
17685
17687
17689
17691
17694
17696
17698
17700
17702
17704
17706
17708
17710
17712
17714
17717
17719
17721
17723
17725
17727
17729
17731
17733
17735
17737
17739
17742
17744
17746
17749
17751
17753
17756
17758
17760
17762
17764
17766
17769
17771
17773
17775
17777
17779
17781
17783
17786
17788
17790
17792
17794
17797
17799
17801
17803
17806
17808
17810
17813
17815
17817
17819
17821
17823
17825
17827
17829
17831
17833
17835
17838
17840
17842
17844
17846
17848
17850
17852
17854
17856
17858
17860
17862
17864
17866
17868
17870
17872
17874
17876
17878
17880
17882
17884
17887
17889
17891
17894
17896
17899
17901
17903
17905
17907
17909
17912
17914
17917
17919
17921
17924
17926
17928
17930
17932
17934
17936
17938
17940
17942
17944
17946
17948
17950
17952
17954
17956
17958
17960
17962
17964
17966
17969
17971
17973
17975
17977
17979
17981
17984
17986
17988
17990
17992
17994
17996
17998
18001
18003
18005
18007
18009
18011
18013
18015
18017
18019
18022
18024
18026
18029
18031
18033
18035
18037
18039
18041
18043
18045
18047
18049
18051
18053
18055
18057
18059
18061
18063
18065
18067
18069
18072
18074
18076
18078
18080
18082
18084
18086
18088
18090
18092
18094
18097
18099
18101
18103
18105
18107
18109
18111
18113
18115
18117
18119
18121
18123
18125
18128
18130
18132
18134
18136
18138
18140
18142
18144
18146
18148
18150
18152
18154
18156
18159
18161
18163
18165
18167
18169
18171
18173
18175
18178
18180
18182
18184
18186
18188
18190
18192
18194
18196
18198
18200
18203
18205
18207
18209
18211
18213
18215
18217
18219
18221
18224
18226
18228
18230
18232
18234
18236
18238
18240
18243
18245
18247
18249
18251
18253
18255
18257
18259
18261
18263
18265
18268
18270
18272
18274
18276
18278
18280
18282
18284
18286
18288
18290
18293
18295
18297
18299
18301
18303
18305
18307
18309
18311
18314
18316
18318
18320
18322
18324
18326
18328
18330
18332
18334
18336
18338
18340
18342
18344
18346
18348
18351
18353
18355
18357
18359
18361
18363
18366
18368
18371
18373
18375
18378
18380
18382
18384
18386
18388
18390
18392
18394
18396
18398
18401
18403
18405
18407
18409
18411
18413
18416
18418
18420
18423
18425
18427
18429
18431
18433
18435
18437
18439
18441
18443
18445
18448
18450
18452
18454
18456
18458
18460
18462
18464
18466
18468
18470
18472
18474
18476
18478
18480
18482
18484
18486
18488
18490
18493
18495
18497
18500
18502
18505
18507
18509
18511
18513
18515
18517
18519
18521
18524
18526
18528
18530
18532
18534
18536
18538
18540
18542
18544
18546
18548
18550
18552
18554
18556
18558
18560
18562
18565
18567
18569
18571
18573
18575
18577
18579
18581
18583
18585
18587
18589
18591
18593
18595
18597
18599
18602
18604
18606
18608
18610
18612
18614
18617
18619
18622
18624
18626
18628
18630
18632
18634
18636
18639
18641
18643
18645
18647
18649
18651
18653
18655
18657
18659
18662
18664
18667
18669
18671
18674
18676
18679
18681
18683
18685
18687
18689
18691
18693
18695
18698
18700
18702
18704
18706
18708
18711
18713
18716
18718
18720
18722
18724
18726
18728
18730
18732
18734
18736
18738
18740
18742
18744
18746
18748
18751
18753
18755
18757
18759
18761
18763
18765
18768
18770
18773
18775
18777
18779
18781
18783
18785
18787
18789
18791
18793
18795
18797
18800
18802
18804
18807
18809
18811
18813
18815
18817
18819
18821
18823
18825
18827
18830
18832
18834
18836
18838
18841
18843
18845
18847
18849
18851
18853
18855
18857
18859
18861
18863
18865
18867
18869
18871
18873
18875
18877
18879
18881
18884
18886
18888
18890
18892
18894
18896
18898
18900
18902
18904
18906
18908
18910
18912
18914
18916
18919
18921
18924
18926
18928
18930
18932
18934
18936
18939
18941
18943
18945
18947
18949
18951
18953
18955
18957
18959
18961
18964
18966
18968
18970
18973
18975
18978
18980
18982
18984
18986
18988
18990
18992
18995
18997
18999
19001
19003
19005
19007
19010
19012
19014
19016
19018
19020
19022
19024
19027
19029
19031
19034
19036
19038
19040
19042
19045
19047
19049
19051
19053
19055
19058
19060
19062
19064
19066
19068
19070
19072
19074
19076
19078
19080
19082
19084
19086
19089
19091
19093
19095
19097
19099
19101
19103
19105
19107
19109
19111
19113
19115
19117
19119
19122
19124
19126
19128
19130
19132
19134
19137
19139
19142
19144
19146
19148
19150
19152
19154
19156
19158
19160
19162
19164
19166
19168
19170
19172
19174
19176
19178
19180
19182
19184
19186
19188
19191
19193
19196
19198
19200
19202
19204
19206
19209
19211
19213
19215
19218
19220
19222
19224
19226
19228
19230
19232
19234
19236
19238
19240
19242
19244
19246
19248
19250
19252
19254
19256
19258
19260
19262
19264
19266
19268
19271
19273
19275
19277
19279
19281
19283
19285
19287
19289
19291
19293
19295
19298
19300
19302
19304
19306
19308
19311
19313
19315
19317
19319
19321
19323
19325
19327
19329
19331
19333
19335
19337
19339
19341
19343
19345
19347
19349
19351
19354
19356
19359
19361
19363
19365
19367
19370
19372
19374
19376
19378
19380
19382
19384
19386
19388
19390
19392
19395
19397
19399
19401
19404
19406
19408
19410
19412
19414
19416
19418
19420
19422
19424
19426
19428
19430
19432
19434
19436
19438
19440
19442
19444
19446
19448
19450
19452
19455
19457
19459
19461
19463
19465
19467
19469
19471
19473
19475
19477
19479
19481
19484
19486
19488
19490
19492
19494
19496
19498
19500
19502
19504
19506
19508
19510
19512
19514
19516
19518
19520
19522
19524
19526
19529
19531
19533
19535
19538
19540
19542
19545
19547
19549
19551
19553
19555
19557
19559
19561
19563
19565
19567
19569
19571
19573
19575
19577
19579
19581
19583
19585
19587
19589
19591
19593
19596
19598
19600
19602
19604
19606
19608
19610
19612
19615
19617
19619
19621
19623
19625
19627
19629
19631
19633
19635
19637
19639
19641
19643
19645
19647
19649
19651
19653
19655
19657
19659
19661
19663
19665
19667
19669
19671
19674
19676
19678
19680
19682
19684
19686
19688
19690
19692
19695
19697
19699
19701
19704
19706
19708
19710
19712
19714
19716
19718
19720
19722
19724
19726
19728
19730
19732
19734
19736
19738
19740
19742
19744
19746
19748
19750
19752
19754
19757
19759
19761
19763
19766
19768
19770
19772
19774
19776
19778
19780
19782
19784
19786
19789
19791
19793
19795
19797
19800
19802
19804
19806
19808
19811
19813
19816
19818
19820
19823
19825
19827
19829
19831
19833
19835
19837
19840
19842
19844
19846
19848
19850
19852
19854
19857
19859
19862
19864
19867
19869
19871
19873
19875
19877
19879
19881
19884
19886
19888
19890
19893
19895
19897
19899
19901
19903
19905
19907
19909
19911
19913
19915
19917
19920
19922
19924
19926
19928
19930
19932
19934
19936
19938
19940
19942
19944
19946
19948
19950
19952
19954
19957
19959
19961
19963
19966
19968
19970
19972
19974
19977
19979
19981
19983
19985
19987
19989
19991
19993
19995
19997
19999
20002
20004
20006
20008
20010
20012
20015
20017
20019
20021
20023
20025
20027
20030
20032
20034
20036
20038
20040
20042
20044
20046
20048
20050
20052
20054
20057
20059
20061
20063
20065
20067
20069
20071
20073
20075
20077
20079
20081
20083
20086
20088
20091
20093
20095
20097
20099
20101
20103
20105
20107
20109
20111
20113
20115
20117
20119
20121
20123
20125
20127
20130
20132
20134
20136
20138
20141
20143
20145
20147
20149
20151
20153
20155
20157
20159
20161
20163
20165
20167
20169
20171
20173
20175
20177
20180
20182
20185
20187
20189
20191
20194
20196
20199
20201
20203
20205
20208
20210
20212
20214
20216
20218
20220
20222
20224
20227
20229
20231
20234
20236
20238
